Gen-0
1,30,0,0,0,0,0,0,100,0,0,710,768,0,0,10,0,0,0,0,10,0,545,580,25,0,0,0,0,10,0,0
Gen-1
1,30,710,100,0,545,580,0,645,165,515,195,645,0,10,55,545,730,580,10,0,0,545,0,55,580,0,680,195,580,325,0
Gen-2
1,30,710,645,645,5,680,0,100,755,610,768,705,610,610,0,610,730,355,730,260,768,768,768,705,580,260,580,730,225,545,10
Gen-3
1,20,15,755,768,768,768,545,735,645,768,755,768,768,768,768,545,768,755,768,768,645
2,1,610
3,6,768,768,680,755,768,680
4,2,165,740
5,1,768
Gen-4
1,4,768,650,165,645
2,6,610,545,768,545,768,610
3,8,768,768,768,680,755,768,675,768
4,5,165,768,768,0,754
5,8,768,768,768,55,768,755,759,610
6,4,768,768,768,768
Gen-5
1,5,768,740,165,645,705
2,5,610,545,768,768,610
3,6,768,970,768,768,768,768
4,4,165,768,0,754
5,6,768,768,768,768,768,759
6,6,768,864,615,768,768,768
Gen-6
1,5,768,740,165,645,705
2,5,610,545,768,768,610
3,5,768,970,768,768,768
4,5,165,755,864,0,754
5,5,768,768,768,768,768
6,5,768,864,768,768,768
Gen-7
1,5,768,740,165,645,705
2,5,610,545,768,768,610
3,5,768,970,768,768,768
4,5,165,755,768,0,754
5,5,768,768,768,768,768
6,5,768,864,768,768,768
Gen-8
1,5,768,740,165,645,705
2,5,610,545,768,768,610
3,5,768,970,768,768,768
4,5,165,755,768,0,754
5,5,768,768,768,768,768
6,5,768,864,768,768,768
Gen-9
1,5,768,740,165,645,705
2,5,610,545,768,768,610
3,5,768,970,768,768,768
4,5,165,755,768,0,754
5,5,768,768,768,768,768
6,5,768,864,768,768,768
Gen-10
1,5,768,740,165,645,705
2,5,610,545,768,768,610
3,5,768,970,768,768,768
4,5,165,755,768,0,754
5,5,768,768,768,768,768
6,5,768,864,768,768,768
Gen-11
1,5,768,740,165,645,705
2,5,610,545,768,768,610
3,5,768,970,768,768,768
4,5,165,755,768,0,754
5,5,768,768,768,768,768
6,5,768,864,768,768,768
Gen-12
1,5,768,740,165,645,705
2,5,610,545,768,768,610
3,5,768,970,768,768,768
4,5,165,755,768,0,754
5,5,768,768,768,768,768
6,5,768,864,768,768,768
Gen-13
1,5,768,740,165,645,705
2,5,610,545,768,768,610
3,5,768,970,768,768,768
4,5,165,755,768,0,754
5,5,768,768,768,768,768
6,5,768,864,768,768,768
Gen-14
1,5,768,740,165,645,705
2,5,610,545,768,768,610
3,5,768,970,768,768,768
4,5,165,755,768,0,754
5,5,768,768,768,768,768
6,5,768,864,768,768,768
Gen-15
1,5,768,740,165,645,705
2,5,610,545,768,768,610
3,5,768,970,768,768,768
4,5,165,755,768,0,754
5,5,768,768,768,768,768
6,5,768,864,768,768,768
Gen-16
1,5,768,740,165,645,705
2,5,610,545,768,768,610
3,5,768,970,768,768,768
4,5,165,755,768,0,754
5,5,768,768,768,768,768
6,5,768,864,768,768,768
Gen-17
1,5,768,740,165,645,705
2,5,610,545,768,768,610
3,5,768,970,768,768,768
4,5,165,755,768,0,754
5,5,768,768,768,768,768
6,5,768,864,768,768,768
Gen-18
1,5,768,740,165,645,705
2,5,610,545,768,768,610
3,5,768,970,768,768,768
4,5,165,755,768,0,754
5,5,768,768,768,768,768
6,5,768,864,768,768,768
Gen-19
2,7,610,768,755,545,768,768,610
3,8,768,970,1025,579,690,768,768,768
4,7,165,755,610,768,768,0,754
6,8,768,864,768,555,768,768,768,768
Gen-20
2,8,610,768,755,864,545,768,768,768
3,8,768,970,1025,1980,768,765,768,768
4,6,768,755,610,700,645,754
6,8,768,864,768,768,768,755,730,768
Gen-21
2,7,768,768,864,768,768,0,768
3,10,768,970,1025,1980,768,954,765,768,768,680
4,5,768,755,768,645,754
6,7,768,864,768,768,768,768,768
Gen-22
2,6,768,768,685,768,768,1005
3,9,768,1700,1005,985,864,768,980,975,1000
4,6,768,755,768,645,768,754
6,8,768,864,768,768,768,755,975,620
Gen-23
2,8,610,610,768,864,864,580,755,729
3,16,1700,1005,985,980,1000,260,760,768,740,883,614,290,609,975,768,1835
4,6,1010,755,755,755,768,750
Gen-24
2,9,729,768,1845,864,755,768,0,864,864
3,14,1700,1005,985,1000,1835,768,354,130,965,610,0,260,768,724
4,8,755,755,755,755,768,755,768,768
Gen-25
2,10,864,768,864,864,864,755,755,740,580,768
3,12,1700,1005,985,1000,1835,985,610,674,1830,768,768,1835
4,9,755,755,729,768,768,740,740,768,760
Gen-26
2,8,864,768,864,864,864,1920,768,768
3,15,1700,1005,1835,1830,1835,1125,768,3392,995,195,768,995,768,768,768
4,7,755,768,768,768,760,768,545
Gen-27
2,9,864,864,864,864,1920,864,768,580,864
3,14,1700,1835,1830,1835,3392,964,768,995,614,768,964,768,768,768
4,6,768,768,768,760,768,580
Gen-28
2,8,864,864,864,864,1920,225,1000,760
3,17,1700,1815,768,1125,760,745,1835,1830,1835,3392,765,768,1960,768,768,1815,768
4,5,768,768,768,760,768
Gen-29
2,9,864,768,4377,864,864,864,864,1920,1000
3,15,1830,768,740,765,1985,768,3105,980,768,768,768,1835,1835,3392,1960
4,6,755,768,768,768,760,768
Gen-30
2,10,864,4377,864,1005,755,945,580,768,1920,1000
3,15,1835,1985,3105,260,768,0,768,980,768,749,0,768,768,3392,1960
4,5,768,768,768,768,760
Gen-31
2,11,1000,4377,1005,945,768,725,755,755,1005,225,1920
3,13,1835,1985,3105,4268,3392,864,768,960,514,6549,210,3392,1960
4,6,768,768,768,768,768,760
Gen-32
2,10,1000,4377,1005,1005,680,765,768,768,0,1920
3,15,3392,3105,4268,3392,6549,2543,130,4962,768,7557,768,869,768,224,224
4,5,230,768,768,768,768
Gen-33
2,9,1000,4377,1005,1005,610,730,864,1004,1920
3,16,3392,4268,6549,4962,7557,0,224,864,3979,768,768,768,3447,5011,290,768
4,5,768,224,768,768,768
Gen-34
2,8,4377,1005,1005,1004,864,9620,4225,1920
3,17,4268,6549,4962,7557,5011,0,745,768,0,995,724,725,260,768,768,3086,645
4,5,768,768,768,768,768
Gen-35
2,12,4377,1005,9620,4225,1920,260,864,755,580,290,2602,864
3,14,4268,6549,4962,7557,5011,768,7309,768,610,720,355,768,1004,999
4,5,650,768,768,768,768
Gen-36
2,11,4377,9620,4225,1920,2602,864,768,3975,355,869,0
3,5,4962,6549,7557,5011,7309
4,5,768,864,768,768,768
7,10,2479,354,354,768,768,0,768,609,768,768
Gen-37
2,8,4377,0,2568,900,9620,4225,2602,3975
3,3,4962,6549,5011
4,5,768,768,768,768,768
7,14,768,764,385,768,0,768,730,7557,7309,768,768,768,768,0
Gen-38
2,8,4377,260,768,355,9620,4225,2602,3975
3,8,4962,768,0,768,224,0,6549,5011
4,5,735,768,768,768,768
7,9,2479,768,768,0,768,0,259,7557,7309
Gen-39
2,11,4377,290,755,835,755,580,755,9620,4225,2602,3975
3,10,4962,768,768,864,678,634,768,768,6549,5011
7,9,2479,768,768,768,0,100,768,5,7309
Gen-40
2,12,4377,755,225,3271,864,580,740,965,9620,4225,2602,3975
3,11,4962,768,864,768,650,768,6549,644,4827,355,5011
7,8,2479,768,768,768,768,1004,768,760
Gen-41
2,13,4377,3271,610,768,135,3257,760,355,9099,768,9620,4225,3975
3,12,4962,864,6549,4827,768,768,768,768,768,674,768,5011
7,6,970,768,768,768,1004,969
Gen-42
2,14,4377,9099,325,755,768,768,545,2497,9620,4225,65,768,225,3975
3,11,4962,864,6549,4827,724,700,4180,768,0,768,5011
7,5,2479,768,768,768,969
Gen-43
2,13,4377,9099,9620,4225,355,0,2689,864,768,0,355,730,3975
3,12,4962,6549,4827,4180,5011,768,760,674,989,290,994,768
7,6,225,768,768,1004,969,0
Gen-44
2,13,4377,9099,9620,4225,225,3265,65,0,3774,0,755,3975,355
3,12,4962,6549,4827,4180,5011,0,725,768,3377,260,140,3407
7,5,2479,768,768,735,969
Gen-45
2,13,4377,768,9099,9620,4225,768,3975,610,4210,1715,320,864,768
3,12,4962,6549,4827,4180,5011,9344,745,389,768,8893,768,768
7,5,355,768,768,1004,969
Gen-46
2,12,4377,225,2458,580,225,290,545,1055,9099,9620,4225,4210
3,14,4962,2644,645,768,1080,705,765,155,768,3377,6549,5011,9344,8893
7,5,2479,768,768,768,969
Gen-47
2,13,4377,864,3588,0,16241,864,0,0,65,9099,9620,4225,4210
3,13,4962,6564,3502,768,695,1035,740,2639,768,6549,5011,9344,8893
7,5,3387,768,768,1004,969
Gen-48
2,14,4377,16241,4119,195,768,580,580,755,0,768,645,9099,9620,4225
3,12,9344,6564,739,524,739,760,9740,224,0,6549,5011,8893
7,5,768,768,768,1004,969
Gen-49
2,13,4377,16241,225,768,0,0,65,385,2443,745,9099,9620,4225
3,13,9344,6564,9740,6549,259,245,990,969,0,644,773,694,8893
7,5,2479,768,768,645,969
Gen-50
2,14,4377,16241,9099,768,355,755,768,290,545,310,610,9620,4225,225
3,12,9344,6564,9740,6549,2624,959,10,768,765,768,768,8893
7,5,699,768,768,1004,969
Gen-51
2,13,4377,16241,9099,9620,4225,190,755,8084,0,610,290,0,385
3,13,9344,6564,9740,6549,768,224,224,768,224,3457,3392,744,8893
7,5,2479,768,768,230,969
Gen-52
2,14,4377,16241,9099,9620,8084,355,195,1325,5287,3357,545,225,385,768
3,12,9344,6564,9740,6549,1005,355,609,2347,772,740,768,8893
7,5,754,768,768,1004,969
Gen-53
2,14,9620,140,16241,9099,8084,545,5287,768,545,864,0,580,65,2679
3,12,9344,6564,9740,6549,8893,10190,4173,755,740,3884,768,1070
7,5,2479,768,768,768,969
Gen-54
2,14,9620,745,195,768,2404,260,768,0,225,355,140,9099,8084,5287
3,16,9344,768,768,0,864,768,768,980,768,3883,3230,768,6564,9740,10190,8893
Gen-55
2,13,768,2404,545,768,340,1835,3410,260,545,2622,9099,8084,5287
3,17,9344,6564,768,3883,0,768,609,5770,224,9740,3392,768,768,768,768,10190,8893
Gen-56
2,12,8084,3410,2622,225,565,0,768,3251,0,3357,768,5287
3,18,9344,6564,9740,695,10,8242,768,768,3211,768,2624,3392,644,230,224,768,10190,8893
Gen-57
2,11,768,3410,3251,3357,0,580,739,0,725,864,5287
3,19,9344,9740,8242,768,739,768,224,773,768,259,3387,768,740,765,768,772,768,10190,8893
Gen-58
2,10,864,3410,3251,3357,225,0,355,645,10,768
3,20,9344,9740,8242,1110,768,3884,290,2443,0,768,713,3392,768,768,768,3392,0,13205,10190,8893
Gen-59
2,9,864,13215,3251,3357,580,7380,0,745,5287
3,21,9344,3311,9740,768,13205,10190,2743,10,8919,768,6944,745,10190,3211,6944,768,768,8893,768,768,768
Gen-60
2,11,768,3251,3357,7380,5287,9282,730,0,644,10100,768
3,19,768,768,768,768,10,1970,768,745,3450,195,0,768,0,3210,979,768,10901,3392,768
Gen-61
2,16,3265,768,768,645,734,768,610,610,768,224,385,645,3265,229,645,10100
3,14,3450,1970,3210,768,3873,740,768,3425,3211,3381,10190,768,3215,3392
Gen-62
2,13,3265,768,768,740,225,3035,989,4150,6548,1010,150,3265,645
3,17,3450,3873,3425,10190,679,0,768,224,768,284,768,768,768,5838,768,224,3392
Gen-63
2,14,3265,3035,4150,229,3265,224,7393,768,764,6584,724,609,760,609
3,16,3450,3873,3425,10190,5838,1005,768,768,0,0,150,549,224,3211,768,4170
Gen-64
2,15,3265,4150,3265,4180,6584,645,644,260,1821,609,670,645,2303,7682,768
3,15,3450,3873,10190,5838,4170,3211,714,21816,249,225,195,6944,740,4901,768
Gen-65
2,13,3265,4150,7393,6584,768,768,0,730,15,3964,644,768,459
3,17,5838,10190,21816,6944,4901,10901,644,768,768,768,768,1005,4751,768,990,4000,2348
Gen-66
2,11,3265,4150,2353,6584,3964,644,664,645,1045,3342,3091
3,19,5838,740,10190,11726,768,2624,10190,21816,6944,10901,745,768,5504,1005,195,768,745,768,175
Gen-67
2,10,3265,0,768,768,2502,580,4150,2629,3964,3342
3,20,10190,10190,11726,768,768,2443,740,768,8693,12384,768,768,768,3392,768,3392,755,864,21816,10901
Gen-68
2,9,3265,768,768,10,3342,864,6584,3964,3342
3,21,10190,11726,12384,3983,768,739,768,1005,725,2447,768,768,768,768,768,768,5037,768,768,21816,10901
Gen-69
2,10,3265,3342,9910,645,644,768,768,768,3964,3342
3,20,10190,11726,12384,0,864,745,4078,2443,768,0,768,389,3392,3392,768,768,3392,768,21816,10901
Gen-70
2,11,3265,3342,768,645,609,260,768,768,10,3964,3342
3,19,10190,11726,12384,1580,10190,768,768,10870,10190,2443,195,224,768,1005,689,3884,1040,21816,10901
Gen-71
2,9,3265,3342,9910,1815,644,768,3382,1050,3342
3,21,11726,12384,10870,600,21816,768,3392,8576,3392,1005,768,3883,755,0,10901,768,768,768,755,768,970
Gen-72
2,11,3265,3342,975,3382,768,9875,3181,645,864,674,3342
3,19,11726,12384,10870,21816,768,10901,720,705,10870,21816,768,768,768,768,1005,768,770,1005,768
Gen-73
2,10,3265,4991,645,3342,3382,768,3342,645,4175,768
3,20,11726,710,4653,768,768,768,2444,864,750,768,0,2624,2624,165,12384,645,249,21816,10901,21816
Gen-74
2,11,3342,249,55,644,739,720,735,1820,3342,3382,4175
3,19,11726,12384,8576,960,768,10,3392,768,768,3387,768,745,4148,3311,3944,3311,21816,10901,21816
Gen-75
2,9,3342,1820,3342,614,6572,959,768,3382,3321
3,21,11726,12384,768,768,768,675,8894,768,2624,768,1005,768,740,0,545,768,864,768,21816,10901,21816
Gen-76
2,10,3342,3342,768,768,10,768,768,10,3382,4175
3,20,11726,12384,0,768,224,0,864,768,3377,768,965,3407,768,755,2347,21816,10901,21816,10901,21816
Gen-77
2,8,3342,3342,6572,768,225,735,3382,10911
3,22,11726,12384,21816,768,864,2338,3884,768,21816,985,0,768,864,5037,195,768,864,864,1005,768,768,21816
Gen-78
2,10,3342,3342,6572,3382,2629,740,768,765,768,768
3,20,11726,12384,21816,21816,10901,768,768,768,864,768,754,768,768,768,768,768,21816,768,1005,768
Gen-79
2,9,3342,3342,768,1134,3382,2629,960,10,639
3,21,11726,10189,768,0,768,3979,3311,768,768,0,12384,21816,21816,21816,768,768,768,864,768,768,768
Gen-80
2,8,3342,225,4125,768,3342,5,2629,1134
3,22,11726,864,768,768,12493,12384,768,750,768,768,768,768,3422,745,768,745,768,768,0,21816,21816,21816
Gen-81
2,9,3342,5,3342,0,260,765,755,2629,1134
3,21,21816,12493,12384,740,3392,0,768,768,768,768,768,768,3979,768,768,768,768,1005,768,21816,21816
Gen-82
2,8,768,3342,765,768,4045,965,2629,1134
3,22,21816,12493,12384,768,864,760,768,259,3883,755,768,720,744,768,864,768,10,768,3211,768,21816,21816
Gen-83
2,9,965,3342,768,270,645,3230,2579,2629,1134
3,21,21816,12493,12384,768,3377,21816,10901,10190,768,0,768,10,864,768,768,3211,864,3211,195,21816,21816
Gen-84
2,7,21816,3230,2579,610,644,2629,1134
3,23,21816,12493,21816,21816,745,10901,749,705,768,768,21048,768,1005,768,764,768,745,755,768,768,10,3447,21816
Gen-85
2,10,3457,3230,2579,2629,768,8980,645,290,645,1134
3,20,21816,768,864,960,21816,21816,21048,21816,5037,745,768,768,768,224,768,768,864,0,768,864
Gen-86
2,9,3342,768,10,740,7444,3230,2579,2629,864
3,21,21816,755,864,709,768,864,725,768,720,864,5504,768,1105,864,768,768,768,21816,21816,21048,21816
Gen-87
2,8,3342,768,609,768,768,3230,2579,2629
3,22,21816,864,768,768,768,768,768,1004,768,23352,864,768,768,768,768,768,768,10901,21816,21816,21048,21816
Gen-88
2,6,10911,7444,768,3230,2579,2629
3,24,21816,23352,195,864,768,4144,385,768,768,3979,4154,0,1130,0,768,864,768,2599,3979,768,1005,21816,21816,21816
Gen-89
2,10,1015,7444,768,670,669,3392,2337,3230,2579,2629
3,20,21816,23352,768,8887,10901,768,675,10,10901,21816,864,768,768,3417,740,768,3979,864,21816,21816
Gen-90
2,9,864,3392,3230,2579,959,768,768,3286,2629
3,21,21816,23352,21816,10,3738,3979,3884,21816,1050,768,3979,745,0,745,3417,3392,1005,768,864,0,21816
Gen-91
2,7,0,3230,2579,3286,7343,3201,864
3,22,21816,23352,21816,21816,224,0,768,768,2348,740,768,9204,7300,3311,21816,10901,768,1825,768,949,3377,768
8,1,2629
Gen-92
2,6,3201,3230,2579,3286,7343,3185
3,14,21816,768,768,195,3381,3211,768,768,755,764,768,768,23352,768
8,5,3387,768,0,0,768
9,6,768,864,21816,21816,21816,3884
Gen-93
2,5,3201,3230,3286,7343,3185
3,7,21816,3211,100,0,2609,3883,23352
8,5,768,768,0,0,768
9,13,21816,768,3381,864,768,864,720,768,768,768,21816,21816,3884
Gen-94
2,6,3201,645,3230,3286,7343,3185
3,9,21816,3211,2609,3883,195,100,10,23352,0
8,5,768,768,0,0,768
9,10,21816,3381,3372,755,768,768,755,21816,21816,3884
Gen-95
2,5,3201,3230,3286,7343,3185
3,9,21816,3211,2609,3883,23352,3979,768,0,4000
8,5,5,768,0,0,768
9,11,21816,3381,745,864,10,768,768,720,21816,21816,3884
Gen-96
2,5,3201,3230,3286,7343,3185
3,9,21816,3883,23352,3979,4000,4079,3302,768,4189
8,5,2629,725,0,0,768
9,11,21816,3381,195,768,864,1005,864,768,21816,21816,3884
Gen-97
2,6,3201,768,3230,3286,7343,3185
3,10,21816,23352,4000,4079,4189,3307,2417,4768,705,0
8,5,4199,768,0,0,768
9,10,21816,3381,768,10190,8576,768,10901,21816,21816,3884
Gen-98
2,5,3201,3230,3286,7343,3185
3,9,21816,23352,4079,4189,4768,768,2664,768,768
8,5,5,768,0,0,768
9,12,21816,10190,10901,9000,768,768,768,768,740,21816,768,21816
Gen-99
2,5,3201,3230,3286,7343,3185
3,9,21816,23352,4079,4189,4768,768,768,768,768
8,5,2629,768,0,0,768
9,11,21816,10190,10901,21816,3392,768,768,768,864,768,21816
Gen-100
3,11,21816,23352,4079,4189,4768,768,745,1990,3392,3804,768
8,5,768,768,0,0,768
9,13,21816,10190,10901,21816,768,10190,745,768,768,768,864,10,21816
