Gen-0
1,29,0,0,2724,0,0,0,0,0,0,2026,0,0,0,0,0,0,0,0,10,0,0,2976,165,2659,165,0,2789,195,2949
2,1,2724
Gen-1
1,17,2724,2954,2659,2789,2949,0,0,2976,993,155,0,2116,2754,2176,2151,2976,2939
2,13,2724,2794,2849,0,1198,65,0,2884,0,2976,0,65,2975
Gen-2
1,16,2976,2976,2949,2976,2976,2939,2976,100,2976,2976,2976,2976,2974,2208,2976,0
2,12,2794,2849,2884,2979,2975,2799,2126,1003,2739,0,2976,0
3,2,2051,0
Gen-3
1,12,2976,2976,2976,2976,0,2976,100,100,100,100,100,165
2,11,2849,2884,2976,2975,2976,2914,55,70,2208,55,2970
3,8,0,2976,0,0,2819,0,2789,2976
Gen-4
1,11,170,2976,2976,2976,2976,2944,2884,0,2884,100,2976
2,12,2976,2975,2976,2914,2970,2976,100,55,2171,65,2208,2976
3,8,2051,2976,2819,2789,2976,2754,2976,2976
Gen-5
1,9,2976,2976,2976,2976,2976,100,165,2976,2979
2,10,2976,2975,2976,2976,2976,2884,2208,2181,2889,2920
3,5,2819,2976,2976,2976,2976
4,6,2976,2689,2789,0,2789,2976
Gen-6
1,7,2976,2976,2976,2976,2976,2976,1313
2,9,2976,2689,2975,2739,2689,2975,2976,2976,2976
3,1,2819
4,13,2976,0,2208,2789,1861,2976,2976,2976,2976,2689,2789,2789,2976
5,1,2864
Gen-7
1,4,2976,2976,2976,2976
2,8,2976,2975,2975,2976,2689,2976,2976,2976
3,5,2819,0,2819,0,2819
4,9,1861,35,65,0,2969,2976,2976,2976,2976
5,7,2864,2754,2754,2789,2724,2976,2979
Gen-8
1,6,2976,2976,4267,2976,2976,2976
2,7,2976,2976,65,1440,2976,2976,2976
3,5,2694,0,2819,0,2819
4,7,2976,2969,2789,2976,2976,2976,2976
5,6,2864,2754,2789,2849,2976,2979
Gen-9
1,7,2976,2976,4267,2976,2976,2976,2976
2,6,2976,2976,2976,2976,2976,2976
3,5,2819,0,2976,0,2819
4,6,2976,2976,2976,2976,2976,2976
5,7,2864,2789,2849,2976,5,2976,2979
Gen-10
1,7,2976,2976,4267,2976,2976,165,3136
2,6,2976,2976,2976,3168,2976,2976
3,5,2819,0,2976,0,2819
4,6,2976,2976,2976,2976,2976,2976
5,5,2864,2849,2976,2976,2979
Gen-11
1,6,2976,2976,4267,2976,3136,2976
2,7,2976,2976,2976,3168,2849,70,2976
3,5,2819,0,3136,0,2819
4,7,2976,2976,2976,2976,2976,0,2976
5,6,2864,2849,2976,2976,2849,2979
Gen-12
1,7,2976,2976,4267,2976,3136,2976,2976
2,6,2976,2976,2976,3168,3179,2976
3,5,2819,0,70,0,2819
4,6,2976,2976,2976,2976,2976,2949
5,7,2864,2849,2976,2976,2819,2081,2979
Gen-13
1,7,2976,2976,4267,2976,3136,2949,2976
2,6,2976,2976,2976,3168,3179,3168
3,5,2976,0,2819,0,2819
4,6,2976,2976,2976,2976,2976,2789
5,5,2864,2849,2976,2976,2979
Gen-14
1,6,2976,2976,4267,2976,3136,2976
2,7,2976,2976,3168,3179,3168,120,130
3,5,2976,0,2819,0,2819
4,7,2976,2976,2976,2976,2976,2976,2976
5,6,2864,2849,2976,2976,2849,2979
Gen-15
1,7,2976,2976,4267,2976,3136,0,2944
2,6,2976,2976,3168,3179,3168,6112
3,5,2976,0,2819,0,2819
4,6,2976,2976,2976,2976,2976,2208
5,7,2864,2849,2976,2976,2849,2081,2979
Gen-16
1,6,2976,2976,4267,2976,3136,2884
2,7,2976,3168,3179,3168,6112,0,1440
3,5,2944,0,2819,0,2819
4,7,2976,2976,2976,2976,2976,2976,2976
5,6,2864,2849,2976,2976,2849,2979
Gen-17
1,7,2976,2976,4267,2976,3136,5035,2976
2,6,2976,3168,3179,3168,6112,3168
3,5,1440,0,2819,0,2819
4,6,2976,2976,2976,2976,2976,165
5,7,2864,2849,2976,2976,2976,2976,2979
Gen-18
1,8,2976,2976,4267,3136,5035,3168,3109,2976
2,7,3168,3179,3168,6112,3168,0,6112
3,5,2819,0,2976,0,2819
4,5,2976,2976,2976,2976,2976
5,6,2979,2976,2976,2976,2976,2976
Gen-19
1,6,4267,3136,5035,3168,3109,3168
2,7,3168,3179,3168,6112,6112,6112,6112
3,5,2819,0,6112,0,2819
4,5,2976,2976,2976,2976,2976
5,6,2979,2976,2976,2976,2976,3168
Gen-20
1,7,4267,3136,5035,3168,3168,2949,3109
2,8,3179,6112,6112,6112,6112,6112,1440,6112
3,5,2819,0,6112,0,2819
4,6,2976,2976,2976,2976,2976,2976
5,5,2979,2976,2976,2976,3168
Gen-21
1,8,4267,3136,5035,3168,3168,3167,4207,3168
2,10,6112,6112,6112,6112,6112,1440,6112,6112,6112,7072
4,5,6112,2976,2976,2976,2976
5,6,2979,2976,2976,2976,3168,2976
Gen-22
1,7,4267,5035,3168,3168,4207,0,2969
2,11,6112,6112,6112,6112,7072,6112,6112,2208,6112,2976,6112
4,6,2976,2976,2976,2976,2976,0
5,5,2979,2976,2976,2976,7072
Gen-23
1,6,4267,5035,3168,3168,4207,5035
2,12,6112,6112,6112,6112,6112,7072,1632,6112,1963,6112,3808,4267
4,5,6112,2976,2976,2976,2976
5,6,2979,2976,2976,2976,3168,2979
Gen-24
1,7,4267,5035,3168,4207,5035,3168,2976
2,11,6112,7648,2689,7648,1632,6112,6112,6112,6112,7072,4267
4,6,2976,2976,2976,2976,2976,2976
5,5,2979,2976,2976,4277,2979
Gen-25
1,8,4267,2976,5035,4267,5035,3168,4207,5035
2,12,6112,7648,7648,6112,2976,2208,4074,6112,1440,1903,1861,7072
4,5,6112,2976,2976,2976,2976
5,6,2979,2976,2976,2976,3168,2979
Gen-26
1,9,4267,5035,4267,2976,3168,2976,2981,5035,5035
2,11,6112,7648,7648,6112,6112,2976,1632,6112,1632,2976,7072
4,6,2976,2819,2976,2976,2976,2976
5,5,2979,2976,2976,1866,2979
Gen-27
1,8,4267,5035,4267,2731,2976,2974,5035,5035
2,12,6112,7648,7648,6112,6112,4097,2684,1632,2976,2208,2208,7072
4,5,2976,2976,2976,2976,2976
5,5,2976,2976,2976,3168,2979
Gen-28
1,9,4267,5035,4267,5344,65,2789,2976,5035,5035
2,11,6112,7648,7648,6112,2976,1440,6112,1903,4859,2208,7072
4,5,2208,2976,2976,2976,2976
5,6,2979,2976,2976,2979,3168,2979
Gen-29
1,8,4267,5035,5344,13440,3168,0,5035,5035
2,10,6112,7648,7648,6112,5,6112,2976,2976,2116,7072
4,6,2976,2208,2976,2976,2976,2208
5,7,2979,2976,2979,2819,2976,3168,2979
Gen-30
1,9,5035,5035,5344,13440,2208,2754,4552,3168,5035
2,9,6112,7648,7648,6112,2976,6112,1440,6112,7072
4,5,2116,2976,2976,2976,2976
5,6,2979,2976,2979,2979,3168,2979
Gen-31
1,10,5035,5035,5344,13440,2919,4608,2976,3840,6016,5035
2,10,6112,7648,7648,6112,6112,6112,6112,2208,7648,7072
4,5,2976,3168,2976,2976,2976
5,5,2979,2979,2979,3168,2979
Gen-32
1,10,5035,5035,5344,13440,6016,14208,6112,2976,6112,2849
2,11,6112,7648,7648,7648,1440,7648,7648,2208,6112,5920,7072
4,5,2976,7648,2976,2976,2976
5,5,2979,2979,2979,3168,2979
Gen-33
1,10,13440,6016,14208,6112,6112,1963,1440,4267,4608,2400
2,9,7648,7648,7648,7648,7648,2208,6112,1440,6112
4,6,2976,2976,2976,2976,2976,2789
5,5,2979,2979,2979,5920,2979
Gen-34
1,11,13440,6016,14208,6112,6112,5152,3168,3168,7072,7648,2976
2,10,7648,7648,7648,7648,7648,7456,7648,1632,6112,6112
4,5,2400,2976,2976,2976,2976
5,5,2979,2979,2979,3168,2979
Gen-35
1,11,13440,14208,6112,19500,6880,7072,7648,3168,7456,5376,3499
2,10,7648,7648,7648,7648,7648,1440,2208,2208,2976,6112
4,5,2976,2976,2976,2976,2976
5,5,2979,2979,2979,3168,2979
Gen-36
1,12,13440,6080,6112,4267,14208,19500,7648,7456,1963,2821,6112,5920
2,8,7648,7648,7648,7648,7648,6880,65,7648
4,5,6880,2976,2976,2976,2976
5,5,2979,2979,2979,3168,2979
Gen-37
1,11,13440,6112,2754,3499,3499,5152,5610,14208,19500,7648,7456
2,9,7648,7648,6112,6112,2400,1440,7648,7648,7648
4,6,2976,2976,2976,2976,2976,2976
5,5,2979,2979,2979,4277,2979
Gen-38
1,14,13440,5152,5152,5344,5035,6880,0,4267,5152,2769,14208,7648,7456,19500
2,11,7648,7648,6112,5344,1440,2976,2671,2208,7648,7648,7648
4,5,5615,2976,2976,2976,2976
Gen-39
1,13,13440,2976,2969,5035,6112,5152,4608,5280,2754,14208,7648,7456,19500
2,10,7648,7648,1433,2976,6112,2208,1440,7648,7648,7648
4,6,2769,2976,2976,2754,2976,2976
Gen-40
1,15,13440,5344,6880,9024,6112,1963,6144,5920,2976,0,5312,14208,7648,7456,19500
2,11,7648,7648,6112,5,1440,2689,2689,1440,7648,7648,7648
4,5,2976,2754,2976,2976,2976
Gen-41
1,14,13440,9024,0,6112,6112,2976,1632,5376,4608,3808,4608,14208,7648,19500
2,10,7648,7648,1440,6112,10144,1632,2976,7648,7648,7648
4,6,5312,2976,2976,2976,2976,165
Gen-42
1,13,13440,9024,14208,4608,4267,2976,5152,6112,5035,4608,65,7648,19500
2,11,7648,7648,10144,6880,5920,1440,7648,0,6112,7456,7648
4,5,4608,2976,2976,2976,2976
Gen-43
1,13,13440,9024,14208,11072,2208,4267,3499,3499,6112,4576,5035,7648,19500
2,11,7648,7648,10144,7648,7648,1440,2976,8992,6112,7771,1440
4,6,70,2976,2976,2976,2976,2208
Gen-44
1,14,13440,9024,14208,11072,2976,5035,3168,5152,1632,5035,4608,6651,5035,19500
2,12,7648,7648,10144,8992,7771,0,1632,4097,120,2976,7648,1093
4,5,2976,5045,2976,2976,2208
Gen-45
1,14,13440,7040,5280,6144,6880,6112,5152,9024,14208,19500,11072,3499,6144,2731
2,10,7648,7648,10144,8992,7771,1440,2208,10,2976,2976
4,6,2976,5045,2976,2976,2208,2754
Gen-46
1,16,13440,2976,13440,3499,2949,3168,4267,5152,6112,5114,1413,5312,9024,14208,11072,19500
2,9,7648,7648,2976,7648,6112,1440,10144,8992,7771
4,5,2976,5152,2976,2976,2754
Gen-47
1,15,13440,13440,3168,4267,1213,4267,5312,6112,1632,6144,4608,6112,14208,19500,11072
2,10,7648,7648,2208,1440,5603,8224,90,10144,8992,7771
4,5,2976,5312,2976,2976,2754
Gen-48
1,17,13440,13440,4544,6144,5035,12672,6144,4267,5376,13440,2869,0,4608,6112,14208,11072,19500
2,13,7648,8224,2116,7648,6112,2208,9024,1632,7648,2976,6112,8992,7771
Gen-49
1,18,13440,13440,13440,4608,5035,10,1440,4267,5152,3604,6651,2731,1632,5280,0,6881,14208,19500
2,12,7648,8224,6112,100,2208,6112,7448,1440,4549,0,8992,7771
Gen-50
1,17,13440,13440,13440,14208,3499,0,3499,5344,10304,5344,4608,1440,4608,5280,3499,5152,19500
2,13,7648,8224,7448,1440,1523,0,10,2400,2208,2976,0,6881,7771
Gen-51
1,18,13440,13440,13440,14208,4267,1440,2208,3499,1438,1986,6112,2731,4608,2976,2976,3840,3164,19500
2,12,7648,5152,7448,8992,7771,10,1438,2976,0,2208,6112,2689
Gen-52
1,17,13440,5376,4576,8416,12672,450,5152,4608,3499,13440,13440,14208,19500,5152,2976,4608,5280
2,13,7648,7448,3168,7771,6112,1440,7072,8768,0,2400,0,7648,5349
Gen-53
1,18,13440,13440,6880,13440,4608,5152,4608,6144,5035,4608,5035,3840,6688,5152,0,13440,14208,19500
2,12,7648,10,2208,6112,0,1632,2819,7648,7448,7771,3509,7648
Gen-54
1,19,13440,13440,13440,2949,2206,5035,5280,4267,3744,4267,6688,3744,0,5376,2789,3499,5035,14208,19500
2,11,7648,7648,1963,1632,6304,2976,6112,1903,7448,5,7648
Gen-55
1,18,13440,13440,13440,5280,4512,2731,5152,2976,8256,1963,4608,2304,4608,1963,0,130,14208,19500
2,12,5045,7648,6304,1632,6112,6112,4097,5610,4576,6112,7448,7648
Gen-56
1,17,13440,13440,13440,4267,6144,14208,3072,2976,6112,3499,1963,2976,3499,3499,5152,5035,19500
2,5,135,6304,6112,6112,6112
6,8,7448,1440,6112,0,1440,8416,6112,7648
Gen-57
1,15,13440,13440,13440,14208,2976,7488,2949,4384,4267,4576,2970,3804,3168,0,19500
2,7,7648,6304,6112,6112,6112,7908,2208
6,9,7448,6112,5045,6112,4097,6112,65,6112,7648
Gen-58
1,13,13440,13440,13440,14208,5376,4267,3168,9792,5152,3168,4267,130,19500
2,8,7648,6304,6112,6112,7908,0,1440,2113
6,8,7448,6112,6112,6112,2920,6112,4097,0
Gen-59
1,19,13440,4417,4608,6112,4608,1963,3499,4267,6880,4608,3168,13440,13440,14208,19500,3168,6112,5152,2976
6,11,135,6112,6112,6112,6112,2724,1118,0,6112,3589,1440
Gen-60
1,20,13440,13440,13440,5152,4608,13440,1632,3168,6880,5152,5344,4608,3072,6112,5035,5280,5920,6880,14208,19500
6,4,6112,3168,6112,6112
7,6,0,6112,6688,6112,6112,6112
Gen-61
1,17,13440,13440,13440,2976,6112,0,5152,5280,35,4267,6112,4267,195,5280,2774,14208,19500
6,4,6112,0,2208,6112
7,9,6112,6112,6880,6112,6112,6112,0,6112,6112
Gen-62
1,15,13440,13440,13440,4608,3499,5344,130,4267,0,4267,0,5152,1632,14208,19500
6,5,2779,0,2208,6112,6112
7,10,6112,6112,6688,6112,6112,1632,0,2208,2976,6080
Gen-63
1,14,13440,13440,13440,4512,4608,4608,5152,0,3168,4608,6144,0,14208,19500
6,6,6112,0,2208,1632,6112,6112
7,9,6112,6112,6688,6112,6112,2976,2976,5632,2944
Gen-64
1,13,13440,13440,13440,14208,13440,4267,1600,2976,5030,5035,5035,5035,19500
6,7,5,2208,6112,6112,6112,6112,1440
7,10,6112,6112,6688,6112,6112,1440,6112,1440,1632,0
Gen-65
1,14,13440,13440,13440,14208,2976,5035,2976,4267,3840,2731,5344,2976,5035,19500
6,2,2208,6112
7,15,6112,6112,6688,6112,6112,5045,6112,6112,0,6112,11748,1414,2976,0,1440
Gen-66
1,13,13440,13440,13440,14208,1632,2208,2981,19500,4608,1625,6912,4267,2976
6,5,2208,5045,0,1433,2208
7,12,6112,6112,6688,6112,11748,6112,6112,6112,6112,1403,6112,6112
Gen-67
1,14,13440,6112,2208,9536,3499,4349,1963,3168,2976,13440,5376,13440,14208,19500
6,5,2208,2976,0,1433,2208
7,11,6112,9235,6112,0,6112,6688,6112,11748,6112,1440,6112
Gen-68
1,14,13440,13440,13440,4267,1963,2976,5035,1963,6112,5280,4608,4512,14208,19500
6,5,2208,5376,0,1433,2208
7,11,6112,9235,6112,6688,20280,6112,6112,1440,6112,6112,11748
Gen-69
1,13,13440,13440,13440,35,4608,5152,2976,6880,5376,2208,5035,14208,19500
6,5,2208,4512,0,1433,2208
7,12,6112,9235,20280,6688,6112,11887,6112,0,2208,6112,6112,11748
Gen-70
1,13,13440,13440,13440,5344,1632,3168,4267,5152,1588,0,1632,14208,19500
6,5,2208,5045,0,1433,2208
7,12,6688,9235,20280,11887,21616,6112,6112,6304,55,0,1440,11748
Gen-71
1,12,13440,13440,13440,5152,5035,2400,3499,1632,0,3168,14208,19500
6,5,2208,1632,0,1433,2208
7,13,9235,20280,11887,21616,6112,11049,55,6112,0,6112,6112,10304,11748
Gen-72
1,12,13440,13440,13440,2176,3168,6880,4608,1963,14208,4544,4267,19500
6,5,10304,6112,0,1433,2208
7,13,20280,11887,21616,11049,2976,6112,6112,6304,6112,65,6112,2976,11748
Gen-73
1,14,13440,13440,13440,14208,2208,14208,5035,2914,4608,3840,5152,2976,1632,2976
7,16,20280,11887,21616,11049,11748,0,6112,0,6304,6112,6112,1440,2976,3168,2208,0
Gen-74
1,15,13440,13440,13440,14208,14208,2754,3168,3168,3499,5152,3499,3499,4608,1632,2731
7,15,20280,11887,0,11049,11748,11486,11776,6112,0,0,1891,1632,0,0,1440
Gen-75
1,16,13440,5035,4608,8416,13440,1632,3168,6144,13440,4512,1632,4608,2976,6880,14208,14208
7,14,2741,1440,2689,0,5344,6112,115,3679,1028,11887,11748,11486,11776,6112
Gen-76
1,17,13440,13440,13440,4267,6112,4608,2969,5025,2976,4608,4608,2976,4608,2976,3499,14208,14208
7,13,11776,6112,23352,13294,5920,0,155,3744,12655,2976,6880,11748,11486
Gen-77
1,15,13440,13440,13440,5152,6871,4608,6880,6112,8416,5280,4267,4267,5035,3509,14208
7,15,11776,23352,13294,12655,140,10240,65,4885,6688,0,6112,2976,170,0,11748
Gen-78
1,16,13440,13440,13440,8416,14208,5035,4267,4267,11904,7072,2976,4267,1986,2976,5152,14208
7,14,11776,0,13294,12655,1861,9235,4544,23152,0,2976,1603,10013,6112,11748
Gen-79
1,15,13440,13440,13440,14208,14208,5152,5035,5280,5152,0,3168,4608,2208,2976,3840
7,15,11776,13294,12655,5152,12516,8224,27960,6112,2789,6112,6304,0,8000,0,11748
Gen-80
1,14,13440,13440,13440,3840,14208,4608,1440,0,0,2754,8416,5280,6880,2949
7,16,11776,13294,12655,12516,27760,9990,2976,1861,1378,6112,0,6112,2689,7259,11422,6112
Gen-81
1,13,13440,13440,13440,6112,8416,6112,6112,4608,5280,4608,1632,7072,7456
7,17,11776,2208,25656,2208,12655,1632,2976,1478,9037,6112,6112,55,13294,12655,12516,27960,0
Gen-82
1,14,55,13440,1963,1440,6144,6144,13440,4267,5035,7072,4608,3499,8416,7456
7,16,13294,25656,12655,2208,0,12655,0,1508,2724,9792,0,155,0,0,3714,27960
Gen-83
1,13,13440,3714,7072,4512,3499,9541,4608,14853,3168,0,1445,8416,7456
7,17,13294,25656,12655,12655,210,1313,6688,1440,0,1440,22584,6112,6112,11585,6112,2884,27960
Gen-84
1,12,13440,9541,2889,2976,4267,3104,4608,3499,5280,6880,8416,7456
7,18,13294,25656,12655,22584,6112,6304,6304,3744,11118,1028,6304,6112,5920,24888,2208,6112,6112,27960
Gen-85
1,11,6112,9541,6880,4608,2051,9024,2689,5,2754,8416,7456
7,19,13294,25656,22584,24888,13185,12526,6112,23352,27960,9302,11776,13312,6112,6112,1563,5536,8000,2969,5536
Gen-86
1,10,6880,5536,9024,6880,4576,4512,4608,4608,8416,7456
7,20,22584,25656,24888,23352,27960,0,6304,2819,11813,2201,12519,2208,0,6213,5536,7137,6112,6112,2724,7648
Gen-87
1,11,6880,7648,6880,8416,6112,6880,0,6880,3744,1632,7456
7,19,22584,6112,25656,5536,10008,8256,24888,23352,27960,0,2844,8000,11840,2976,1445,1443,11776,24120,12516
Gen-88
1,6,6880,0,5312,2754,9024,6880
7,20,24888,25656,0,6112,6112,1440,6112,11776,3616,12544,22584,9270,2208,23152,55,1632,9180,23352,27760,24120
8,4,8416,4608,10018,7456
Gen-89
7,21,24888,25656,6112,12655,1578,2236,12571,6112,26224,2976,1440,8256,1440,11040,1440,6112,6112,55,23352,27960,24120
8,9,8416,4608,6112,4608,2976,2969,2754,9190,7456
Gen-90
7,20,24888,25656,26224,0,3744,9792,1433,13341,6304,2208,2976,6112,2400,29496,2976,55,5536,6112,27960,24120
8,10,8416,4608,6112,4608,2754,1443,4608,6112,55,7456
Gen-91
7,21,24888,25656,26224,29496,55,10287,545,0,28728,55,5536,6304,6112,2208,5536,22584,27960,1440,1403,24888,8228
8,9,6112,4608,6112,6112,4576,6112,2976,8416,7456
Gen-92
7,20,26224,25656,29496,28728,27960,6112,6112,10560,6112,672,8256,6112,8224,1440,5536,11032,6112,3744,0,23920
8,10,8416,6112,6112,8228,3168,4608,4608,7456,4608,7456
Gen-93
7,19,26224,25656,29496,28728,27760,2849,1938,9409,24888,1440,10043,55,10008,5536,24888,8056,12312,6112,3134
8,11,23720,6112,8416,7456,6112,5280,2976,6144,4357,4267,7456
Gen-94
7,20,26224,25656,24120,6112,11886,23152,9024,11776,25656,5536,13294,6112,5152,2849,5657,55,3744,29496,28728,27960
8,10,3144,6880,7456,8416,7456,6144,2754,4608,6112,1440
Gen-95
7,21,26224,25656,1413,5077,6500,5920,6112,0,1440,6112,6112,7199,11776,0,0,9993,11776,0,29496,28728,27960
8,9,7456,6880,6080,1632,4576,1440,3744,7456,6144
Gen-96
7,20,26224,25656,29296,11328,10816,5536,9024,0,0,0,0,0,0,2976,0,5536,24888,29496,28728,27960
8,10,5,6880,6080,6112,6112,6112,6112,2208,7456,6144
Gen-97
7,21,26224,29296,29496,24120,8477,0,2208,25456,0,6112,1440,24888,6112,9087,28728,10008,1440,1632,10008,9024,27960
8,9,6112,6880,6112,2976,2929,6112,3168,24688,6144
Gen-98
7,20,26224,29296,29496,28728,27960,0,5536,21048,6112,1440,1440,2864,1440,1440,6112,2168,10304,5,9240,13423
8,10,6112,6880,6112,2754,6112,4576,2976,2976,9024,6144
Gen-99
7,21,26224,29296,29496,28728,27960,9265,5536,9265,55,5344,6112,2884,2976,2400,11776,6112,6112,1563,24120,0,10071
8,9,6112,6880,6112,13433,2976,6112,1630,4608,6144
Gen-100
7,20,26224,2208,5536,1573,6112,6112,1440,5536,2208,29296,29496,28728,27960,1632,5536,6112,10008,4384,6112,6112
8,10,6112,6880,6112,10081,6144,14208,0,6112,4267,2976
