Gen-0
1,30,0,0,0,0,0,580,35,0,0,545,545,672,35,0,645,0,0,0,35,0,0,610,0,672,35,0,65,0,0,560
Gen-1
1,30,610,580,560,645,672,445,170,280,0,545,672,225,385,672,645,0,165,0,645,645,400,225,35,5,530,515,55,325,640,0
Gen-2
1,22,645,645,0,672,672,485,672,672,65,485,485,450,670,672,0,450,35,645,672,450,672,10
2,5,672,645,645,610,672
3,3,0,645,35
Gen-3
1,3,672,15,645
2,12,672,672,645,645,610,672,864,1195,672,864,672,5
3,4,0,35,35,35
4,10,672,672,672,672,672,10,672,672,0,645
5,2,672,645
Gen-4
1,5,672,645,645,610,420
2,8,672,672,864,1195,864,672,672,672
3,5,0,10,35,35,145
4,9,672,672,672,672,672,670,666,672,672
5,5,672,645,672,645,670
Gen-5
1,5,672,645,645,610,420
2,8,672,672,864,1195,864,672,864,672
3,5,0,35,35,35,672
4,7,672,672,672,672,672,672,672
5,5,672,645,672,645,670
Gen-6
1,6,672,645,645,610,420,515
2,8,672,864,1195,864,864,1056,0,5
3,5,0,35,35,35,672
4,6,672,672,672,672,672,672
5,6,672,645,672,645,670,450
Gen-7
1,5,672,645,645,610,515
2,3,864,1195,1195
3,6,0,35,35,35,5,615
4,9,672,672,672,864,672,672,864,1056,672
5,6,672,645,672,645,670,672
Gen-8
1,4,672,645,610,515
2,1,864
3,6,645,35,35,35,145,1205
4,5,672,672,672,864,864
5,6,672,645,672,670,672,580
6,7,1504,672,864,1195,1195,1056,1195
Gen-9
1,5,672,672,645,610,515
2,5,864,672,672,672,672
3,5,645,35,35,145,1205
4,5,672,672,672,864,864
5,5,672,645,672,670,672
6,7,1504,1195,864,672,1195,1056,1195
Gen-10
1,5,672,672,645,610,515
2,5,864,672,672,672,672
3,5,645,35,35,145,672
4,5,672,672,672,864,864
5,5,672,645,672,670,672
6,7,1504,1195,864,672,1195,1056,1195
Gen-11
1,5,672,672,645,610,515
2,5,864,672,672,672,672
3,5,645,35,35,145,672
4,5,672,672,672,864,864
5,5,672,645,672,670,672
6,7,1504,1195,864,1195,1195,1056,1195
Gen-12
1,5,672,672,645,610,515
2,5,864,672,672,672,672
3,5,645,35,35,145,1205
4,5,672,672,672,864,864
5,5,672,645,672,670,672
6,7,1504,1195,1195,672,672,1195,1195
Gen-13
1,5,672,672,645,610,515
2,5,864,672,672,672,672
3,5,645,35,35,145,672
4,5,672,672,672,864,864
5,5,672,645,672,670,672
6,7,1504,1195,1195,672,672,1195,1195
Gen-14
1,5,672,672,645,610,515
2,5,864,672,672,672,672
3,5,645,35,35,145,672
4,5,672,672,672,864,864
5,5,672,645,672,670,672
6,7,1504,1195,1195,1120,672,1195,1195
Gen-15
1,5,672,672,645,610,515
2,5,864,672,672,672,672
3,5,645,35,35,145,672
4,5,672,672,672,864,864
5,5,672,645,672,670,672
6,7,1504,1195,1195,672,1195,1195,1195
Gen-16
1,5,672,672,645,610,515
2,5,864,672,672,672,672
3,5,645,35,35,145,1205
4,5,672,672,672,864,864
5,5,672,645,672,670,672
6,7,1504,1195,1195,1195,864,865,1195
Gen-17
1,5,672,672,645,610,515
2,5,864,672,672,672,672
3,5,645,35,35,145,865
4,5,672,672,672,864,864
5,5,672,645,672,670,672
6,7,1504,1195,1195,1195,0,1536,1195
Gen-18
1,5,672,672,645,610,515
2,5,864,672,672,672,672
3,5,645,35,35,145,1536
4,5,672,672,672,864,864
5,5,672,645,672,670,672
6,7,1504,1195,1195,1195,1536,1536,1536
Gen-19
1,5,672,672,645,610,515
2,5,864,672,672,672,672
3,5,645,35,35,145,1536
4,5,672,672,672,864,864
5,5,672,645,672,670,672
6,7,1504,1195,1536,1536,1536,864,672
Gen-20
1,5,672,672,645,610,515
2,5,864,672,672,672,672
3,5,645,35,35,145,672
4,5,672,672,672,864,864
5,5,672,645,672,670,672
6,7,1504,1195,1536,1536,1536,2080,1195
Gen-21
1,5,672,672,645,610,515
2,5,864,672,672,672,672
3,5,645,35,35,145,1205
4,5,672,672,672,864,864
5,5,672,645,672,670,672
6,8,1504,1536,1536,1536,2080,864,672,864
Gen-22
1,5,672,672,645,610,515
2,5,864,672,672,672,672
3,5,645,35,35,145,864
4,5,672,672,672,864,864
5,5,672,645,672,670,672
6,8,1504,1536,1536,1536,2080,1504,20,672
Gen-23
1,6,672,672,672,645,610,515
3,5,645,35,35,145,672
4,2,672,672
5,6,672,672,645,672,670,672
6,8,1504,1536,1536,1536,2080,864,672,864
7,4,1195,672,864,864
Gen-24
1,5,672,672,672,645,610
3,5,645,35,35,145,864
5,5,672,672,672,670,672
6,9,1504,1536,1536,1536,2080,195,2080,864,1190
7,6,1195,672,1195,672,864,864
Gen-25
1,5,672,672,672,645,610
3,5,645,35,35,145,1200
5,5,672,672,672,670,672
6,9,1536,1536,1536,2080,2080,2272,672,1536,2272
7,6,1195,672,1195,2080,864,864
Gen-26
1,5,672,672,672,645,610
3,5,645,35,35,145,2272
5,5,672,672,672,670,672
6,9,1536,2080,2080,2272,2272,2272,4842,2080,2272
7,7,1195,1195,2080,672,672,864,864
Gen-27
1,5,672,672,672,645,610
3,5,645,35,35,145,2272
5,5,672,672,672,670,672
6,10,2272,2272,2272,4842,2272,2272,2272,2272,672,672
7,6,1195,1195,2080,864,864,864
Gen-28
1,5,672,672,672,645,610
3,5,645,35,35,145,672
5,5,672,672,672,670,672
6,10,2272,2272,2272,4842,2272,672,2080,672,200,2464
7,6,1195,1195,2080,864,2080,864
Gen-29
1,5,672,672,672,645,610
3,5,645,35,35,145,2464
5,5,672,672,672,670,672
6,10,2272,2272,2272,4842,2464,672,672,2464,65,1823
7,6,1195,1195,2080,864,2080,672
Gen-30
1,5,1828,672,672,645,610
3,5,645,35,35,145,615
5,5,672,672,672,670,672
6,10,2272,2272,4842,2464,2464,1504,672,672,2080,672
7,6,1195,1195,2080,864,2080,672
Gen-31
1,5,672,672,672,645,610
3,5,672,35,35,145,615
5,5,672,672,672,670,672
6,10,2272,2272,4842,2464,2464,0,672,672,0,2078
7,6,1195,1195,2080,864,2080,1536
Gen-32
1,5,672,672,672,645,610
3,5,2082,35,35,145,615
5,5,672,672,672,670,672
6,10,2272,2272,4842,2464,2464,672,864,2272,0,55
7,7,1195,1195,2080,2080,1536,864,864
Gen-33
1,5,672,672,672,645,610
3,5,55,35,35,145,615
5,5,672,672,672,670,672
6,10,2272,2272,4842,2464,2464,12400,2272,2272,2272,1823
7,7,1195,1195,2080,2080,1536,1536,485
Gen-34
1,5,672,672,672,645,610
3,5,645,35,35,145,1828
5,5,672,672,672,670,672
6,11,2272,4842,2464,2464,12400,2080,672,1823,2080,672,2880
7,5,1195,2080,2080,1536,1536
Gen-35
1,5,672,672,672,645,610
3,5,645,35,35,145,2880
5,5,672,672,672,670,672
6,11,2464,4842,2464,12400,2880,65,672,672,2272,2272,646
7,5,1195,2080,2080,1536,1536
Gen-36
1,5,656,672,672,645,610
3,5,645,35,35,145,615
5,5,672,672,672,670,672
6,11,2464,4842,2464,12400,670,2880,672,0,672,0,0
7,5,1195,2080,2080,1536,1536
Gen-37
1,5,672,672,672,645,610
3,5,672,35,35,145,615
5,5,672,672,672,670,672
6,11,2464,672,4864,80,672,4842,2464,12400,2880,185,672
7,6,1195,2080,2080,1536,1536,3736
Gen-38
1,5,672,672,672,645,610
3,5,672,35,35,145,615
5,5,672,672,672,670,672
6,10,2464,4864,672,672,0,672,670,4842,12400,2880
7,7,2080,2272,5,2080,1536,1536,3736
Gen-39
1,5,672,672,672,645,610
3,5,672,35,35,145,615
5,5,672,672,672,670,672
6,10,2464,4864,4975,1536,2080,0,677,4842,12400,2880
7,7,2080,2272,2075,672,2080,1536,3736
Gen-40
1,5,672,672,672,645,610
3,5,677,35,35,145,615
6,13,12400,4864,4975,2272,672,672,4975,1823,2272,55,2272,4842,2880
7,8,2080,2272,2075,1823,2272,1505,2080,3736
Gen-41
1,5,672,672,672,645,610
3,5,2272,35,35,145,615
6,13,12400,4864,4975,4975,2272,1823,672,450,672,2272,1823,2272,4842
7,8,2080,2272,2272,0,0,2272,2080,3736
Gen-42
1,5,672,672,672,645,610
3,5,2272,35,35,145,615
6,13,12400,4864,4975,4975,1185,864,672,672,4965,672,672,2275,4842
7,8,2080,2272,2272,2272,2272,864,130,3736
Gen-43
1,5,672,672,672,645,610
3,5,2275,35,35,145,615
6,13,12400,4864,4975,4975,4965,860,672,1823,80,672,4975,1823,2275
7,8,3736,2272,2272,2272,2272,3886,2464,2272
Gen-44
1,5,672,672,672,645,610
3,5,2275,35,35,145,615
6,13,12400,4975,4975,4965,4975,2272,2082,65,2272,672,1823,2272,672
7,8,3736,2272,2272,3886,2464,5,3874,635
Gen-45
1,5,672,672,672,645,610
3,5,672,35,35,145,615
6,13,12400,4975,4975,4965,4975,2080,1823,1770,640,80,5,2272,2272
7,8,3736,2272,3886,2464,3874,2078,80,12600
Gen-46
3,5,2272,35,35,145,615
6,14,12400,4975,4975,4965,4975,672,672,864,2880,5,2272,672,4864,670
7,12,3736,3886,2464,3874,12600,2272,12600,455,35,672,2272,2272
Gen-47
3,5,2272,35,35,145,615
6,12,12400,4975,4975,4965,4975,2272,2272,2272,65,475,2275,672
7,13,3736,3886,3874,12600,12400,635,12600,2272,2272,620,0,2467,2251
Gen-48
3,5,2256,35,35,145,615
6,12,12400,4975,4975,4965,4975,646,2080,646,0,672,672,2272
7,13,3886,220,4864,3874,12600,2272,12400,12600,670,2050,640,645,2272
Gen-49
3,5,4864,35,35,145,615
6,11,12400,2272,2275,672,2272,10,2272,4975,4975,4965,4975
7,15,3886,4864,1195,0,3881,2272,2272,35,2464,5,640,672,12400,12600,12400
Gen-50
3,5,672,35,35,145,615
6,12,12400,4975,2272,515,55,1823,672,1823,672,4975,4965,4975
7,14,3886,4864,640,2464,1794,12600,485,3849,672,835,4972,12600,12600,12600
Gen-51
3,5,4982,35,35,145,615
6,10,12400,4975,4975,2272,2080,672,4864,2272,4965,4975
7,15,12600,12600,4972,5,2661,2464,672,635,630,2272,670,0,1135,12600,12600
Gen-52
3,5,1145,35,35,145,615
6,12,12400,4975,4975,4965,672,4975,2080,645,2080,670,2272,2272
7,14,12600,12600,4972,12400,90,4672,2464,635,2272,2272,2272,3859,12400,12600
Gen-53
3,5,2272,35,35,145,615
6,10,12400,4975,4975,4965,4975,672,672,672,672,2464
7,15,12600,12600,12600,3869,1185,830,3760,4836,672,2464,610,640,12600,12600,12600
Gen-54
3,5,12400,35,35,145,615
6,10,12400,4975,4975,4965,4975,672,3726,2080,55,450
7,15,12600,12600,12600,12600,460,4864,4864,705,2057,640,12600,12600,2880,610,2464
Gen-55
3,6,2464,35,35,672,145,615
6,9,12400,4975,4975,4965,4975,2272,672,672,0
7,14,12600,12600,12400,12600,12600,864,2050,65,2272,2082,2272,4816,2272,2880
Gen-56
3,5,2880,35,672,145,615
6,10,12400,4975,4975,4965,4975,672,2272,2275,672,672
7,15,12600,12600,12400,12600,1195,12600,2272,2272,1823,2272,672,2464,1823,5,0
Gen-57
3,5,1205,35,672,145,615
6,10,12400,65,4975,4975,4965,4975,5,2080,2272,2272
7,15,12600,4864,12600,665,2272,4897,835,650,4975,195,4864,12600,12400,12600,12400
Gen-58
3,5,4864,35,672,145,615
6,10,12400,2272,672,4975,672,1195,672,4975,4965,4975
7,15,12600,12600,705,2245,1165,2272,2272,2880,4836,2272,1185,2272,12600,12400,12600
Gen-59
3,5,2272,35,672,145,615
6,10,12400,4975,4975,672,2272,672,672,672,4965,4975
7,15,12600,12600,12600,645,4975,2424,2272,2272,645,2272,670,12600,640,12600,12600
Gen-60
3,5,640,35,672,145,615
6,10,12400,4975,4975,460,0,672,55,55,4965,4975
7,15,12600,12600,12600,12600,12600,640,12600,2272,2272,420,835,2272,3235,2272,616
Gen-61
3,5,645,35,621,145,615
6,10,12400,4975,4975,4965,672,672,2272,4975,0,2464
7,15,12600,12600,12600,12600,12600,4975,640,4975,2464,485,0,90,864,2272,640
Gen-62
3,5,646,35,672,145,615
6,10,12400,4975,4975,4965,4975,1823,0,672,670,672
7,15,12600,12600,12600,12600,12600,0,2464,2272,2272,2464,2080,12600,2272,3248,2272
Gen-63
3,5,645,35,2272,145,615
6,10,12400,4975,4975,4965,4975,100,672,672,4836,1823
7,15,12600,12600,12600,12600,12600,2272,2272,2080,838,2257,385,3737,450,35,640
Gen-64
3,5,645,35,640,145,615
6,10,12400,4975,4975,4965,4975,672,2080,672,672,0
7,15,12600,12600,12600,12600,12600,12600,12600,2464,2272,646,670,3839,400,2272,835
Gen-65
3,5,835,35,672,145,615
6,10,12400,4975,4975,4965,4975,55,2272,2272,2464,672
7,15,12600,2082,645,12600,672,12600,12600,12600,2272,145,5,864,2848,420,2272
Gen-66
3,5,672,35,672,145,615
6,10,12400,0,2080,672,670,864,4975,4975,4965,4975
7,15,12600,12600,2055,1823,0,3859,3242,2272,2055,2272,640,12600,12600,12600,12600
Gen-67
3,5,12400,35,672,145,615
6,10,12400,4975,1823,2080,672,672,2080,4975,4965,4975
7,15,12600,12600,12600,2272,672,2272,0,12600,4864,645,5792,3871,2880,4836,12600
Gen-68
3,6,4841,665,35,672,145,615
6,9,12400,4975,4975,2082,2080,5,0,4965,4975
7,14,12600,12600,12600,12600,2270,12600,12600,0,0,12600,12600,705,2082,4836
Gen-69
3,5,4841,665,672,145,615
6,10,12400,4975,4975,4965,2272,5,672,645,672,4975
7,15,12600,12600,12600,12600,12600,0,2660,2464,2272,645,485,3248,0,645,2245
Gen-70
3,5,2245,665,672,145,615
6,10,12400,4975,4975,4965,4975,672,355,0,671,2272
7,15,12600,12600,12600,12600,12600,2272,2272,2464,445,0,2272,1180,0,2245,2853
Gen-71
3,5,2853,665,672,145,615
6,10,12400,4975,4975,4965,4975,672,2080,672,3392,672
7,15,12600,12600,12600,12600,12600,385,2464,385,4836,864,0,12600,864,864,2272
Gen-72
3,5,2272,665,672,145,615
6,10,12400,4975,4975,4965,4975,2272,65,1185,165,2272
7,15,12600,12600,12600,12600,12600,645,670,12400,3879,645,864,12600,1823,10,672
Gen-73
3,5,672,665,672,145,615
6,10,12400,4975,4975,4965,4975,2272,55,672,672,0
7,15,12600,12600,12600,12600,12600,1934,1795,2464,545,12600,864,2272,12600,5792,4836
Gen-74
3,5,4841,665,672,145,615
6,9,12400,4975,4975,4965,4975,672,2275,672,4975
7,16,12600,3789,2464,12600,640,2080,2272,65,490,2080,12600,12600,2272,12600,12600,1823
Gen-75
3,5,12400,665,672,145,615
6,10,12400,2272,672,672,864,4975,2272,4975,4975,4975
7,15,12600,12600,12600,864,355,12600,4975,645,650,641,2272,0,670,2240,12600
Gen-76
3,6,2240,545,665,672,145,615
6,9,12400,4975,4975,1823,672,2272,5,4975,4975
7,14,12600,12600,12600,12600,12600,2464,4975,2875,645,670,2272,2272,2272,2272
Gen-77
3,5,2272,545,665,672,615
6,10,12400,4975,4975,2272,2080,672,2082,2272,4975,4975
7,15,12600,12600,12600,12600,12600,640,2272,2272,420,2245,2272,2873,90,2272,12600
Gen-78
3,5,12400,545,665,672,615
6,10,12400,4975,4975,672,0,672,1823,672,4975,4975
7,15,12600,12400,12600,12600,12600,2880,485,3049,2060,3859,155,12600,12600,4864,2044
Gen-79
3,6,2044,545,665,665,672,615
6,9,12400,4975,4975,4975,672,2082,0,672,4975
7,15,12600,12600,12600,12600,12600,2272,645,672,65,645,645,2272,3397,2272,2272
Gen-80
3,5,2272,665,665,672,615
6,10,12400,4975,4975,4975,672,55,1899,672,570,4975
7,15,12600,12600,12600,12600,12600,645,2464,2464,2880,0,0,2265,12600,0,2272
Gen-81
3,5,2272,665,665,672,615
6,10,12400,4975,4975,4975,1170,666,672,930,165,4975
7,15,12600,12600,12600,12600,12600,0,420,672,2245,645,2272,1185,2272,2272,2272
Gen-82
3,5,2272,665,665,672,615
6,10,12400,4975,4975,4975,672,1440,672,2272,5,4975
7,15,12600,2272,12600,12600,35,12600,12600,2464,672,0,645,635,2272,2880,2272
Gen-83
3,5,35,665,665,672,615
6,10,12400,2272,672,672,672,672,4975,4975,4975,4975
7,15,12600,515,90,2080,12600,0,2080,55,4672,4834,5,10,12600,12600,12600
Gen-84
3,5,645,665,665,10,615
6,10,12400,4975,672,0,105,2272,672,4975,4975,4975
7,15,12600,12600,12600,2272,420,2464,2272,0,672,12600,2245,2272,12600,2272,12600
Gen-85
3,5,645,2272,665,672,615
6,10,12400,4975,4975,5,2272,0,0,2272,4975,4975
7,15,12600,12600,12600,12600,12600,645,0,0,55,636,2688,635,2272,640,2082
Gen-86
3,5,645,2082,665,672,615
6,10,12400,4975,4975,672,1823,2272,672,672,4975,4975
7,15,12600,12600,12600,12600,12600,12600,0,2272,435,864,2272,2272,4971,645,645
Gen-87
3,5,645,645,665,672,615
6,10,12400,4975,4975,4975,12600,2272,670,2272,2272,4975
7,15,12600,12600,12600,12600,12600,645,645,645,645,12600,640,12600,2880,485,2272
Gen-88
3,5,645,665,665,2272,615
6,11,12400,4975,4975,4975,12600,2080,2272,672,2272,672,0
7,15,12600,12600,12600,12600,12600,2272,665,2272,2880,155,85,640,645,12600,645
Gen-89
3,5,645,665,665,645,615
6,11,12400,4975,4975,4975,12600,55,672,2272,672,580,672
7,15,12600,12600,12600,12600,12600,4975,2272,2272,1185,2272,4975,2272,2084,12600,2880
Gen-90
3,5,645,2880,665,672,615
6,10,12400,4975,4975,4975,12600,4972,2080,2272,55,2272
7,15,12600,12600,12600,12600,12600,665,220,3851,5785,3909,2880,2878,672,2272,646
Gen-91
3,5,645,646,665,672,615
6,11,12400,4975,4975,4975,12600,2880,0,672,2272,864,645
7,14,12600,12600,1505,2878,485,2272,0,2272,864,12600,4836,12600,12600,12600
Gen-92
3,5,645,665,665,4846,615
6,11,12400,672,4864,672,672,4975,672,672,4975,4975,12600
7,15,12600,12600,12600,864,12600,2464,864,2880,5793,12600,90,2272,4672,2272,12600
Gen-93
3,5,645,665,665,2272,615
6,10,12400,4975,4975,155,0,4975,672,672,4975,12600
7,15,12600,12600,12600,12600,12600,12400,2272,55,4975,80,55,90,420,80,2245
Gen-94
6,13,12400,4975,4975,4975,2273,2272,672,2080,2272,2272,2272,2272,2255
7,17,12600,12600,12600,12600,12600,4672,630,0,630,2272,2057,2880,485,645,1797,645,1939
Gen-95
6,12,1949,4975,4975,4975,2273,2272,2272,485,672,2080,485,2272
7,18,12600,12600,12600,12600,12600,1797,420,0,645,0,2245,2272,2058,12600,12600,2250,640,2272
Gen-96
6,11,2273,2272,4975,4975,2272,0,672,2272,2464,866,2272
7,19,12600,12600,12600,12600,12600,825,2464,645,670,390,2082,20,4975,2272,2272,90,2464,864,2880
Gen-97
6,10,2273,4975,2880,4975,2464,672,645,65,2080,677
7,20,12600,12600,12600,12600,12600,672,645,2272,2464,670,0,1195,2272,220,864,645,2272,1510,672,1949
Gen-98
6,11,2273,1949,4975,4975,2464,672,2272,2272,864,2272,2464
7,19,12600,12600,3884,2272,2272,2272,867,455,12600,12600,672,5,2272,55,2272,12600,12600,65,2080
Gen-99
6,5,2273,2080,140,645,2272
7,20,12600,12600,12600,12600,12600,2272,12600,2272,1823,2272,645,2272,4975,2272,672,5,3651,2272,1949,1185
8,5,2272,1823,4975,2464,2464
Gen-100
6,2,1190,4975
7,18,12600,12600,12600,12600,12600,2272,1792,2464,2272,65,4975,2272,864,2272,4672,35,4864,2272
8,10,2272,2080,140,645,1823,4975,2272,2275,2464,2464
