Gen-0
1,30,345,0,0,580,0,545,0,579,610,680,0,0,10,0,0,0,10,610,0,10,0,10,0,10,10,610,475,0,0,0
Gen-1
1,30,205,580,610,0,610,610,3715,0,620,0,0,580,580,610,705,0,610,580,645,610,610,224,545,580,545,0,125,680,645,675
Gen-2
1,19,705,675,645,680,675,260,7317,740,10,565,0,610,0,289,675,145,100,135,750
2,5,645,10,0,645,0
3,4,10,175,260,195
4,2,580,0
Gen-3
1,12,705,740,750,55,705,740,768,730,675,760,0,200
2,6,645,10,0,645,0,130
3,7,10,7317,175,750,195,14720,11156
4,6,580,680,0,645,675,0
5,1,768
Gen-4
1,7,740,750,740,768,760,768,680
2,4,11156,10,645,130
3,10,260,7317,14720,11156,260,0,769,768,100,3266
4,5,580,680,0,645,675
5,7,768,0,195,768,195,645,610
6,1,645
Gen-5
1,5,740,750,768,760,768
2,6,645,10,645,130,305,0
3,8,7317,11156,769,3266,234,768,10,4341
4,5,580,680,0,645,675
5,5,3276,195,768,645,610
6,6,645,14720,10,10,8832,0
Gen-6
1,5,740,750,768,760,768
2,5,4346,10,645,130,305
3,7,7317,11156,769,3266,4341,180,355
4,5,580,680,0,645,675
5,5,768,195,768,645,610
6,7,645,14720,10,10,8832,610,899
Gen-7
1,5,740,750,768,760,768
2,5,645,10,645,130,305
3,7,7317,11156,769,3266,4341,0,547
4,5,580,904,0,645,675
5,5,768,195,768,645,610
6,7,645,14720,8832,610,899,1843,768
Gen-8
1,5,740,750,768,760,768
2,5,547,10,645,130,305
3,10,7317,5570,15,768,14720,11156,769,3266,4341,768
4,5,580,680,0,645,675
5,5,768,195,768,645,610
6,4,8832,3300,899,1843
Gen-9
1,5,740,750,768,760,768
2,5,645,10,768,130,305
3,9,7317,5570,1070,3979,9138,768,14720,11156,4341
4,5,580,680,0,645,675
5,5,768,195,768,645,610
6,5,8832,3300,869,899,1843
Gen-10
1,5,740,750,768,760,768
2,5,645,10,768,130,305
3,10,7317,5570,9138,320,195,0,980,768,14720,11156
4,5,580,680,0,645,675
5,5,768,195,768,645,610
6,5,8832,3300,869,899,1843
Gen-11
1,5,740,750,768,760,768
2,5,645,10,768,130,305
3,9,7317,5570,9138,768,610,12750,55,14720,11156
4,5,580,680,0,645,675
5,5,768,195,768,645,610
6,5,8832,3300,869,899,1843
Gen-12
1,5,740,750,768,760,768
2,5,645,10,55,130,305
3,10,7317,9138,12750,740,3205,3215,6547,4200,14720,11156
4,5,580,680,0,645,675
5,5,768,195,768,645,610
6,5,8832,3300,869,899,1843
Gen-13
1,5,740,750,768,760,768
2,5,4205,10,645,130,305
3,10,7317,9138,12750,8101,3291,0,100,0,14720,11156
4,5,580,680,0,645,675
5,5,768,195,768,645,610
6,5,8832,3300,869,899,1843
Gen-14
1,5,740,750,768,760,768
2,5,645,10,645,130,305
3,6,11156,9138,12750,8101,768,768
4,5,580,0,0,645,675
5,5,768,195,768,645,610
6,7,8832,3300,869,768,768,899,1843
7,2,645,14720
Gen-15
1,5,740,750,768,760,768
2,5,768,10,645,130,305
3,3,11156,9138,768
4,5,580,680,0,645,675
5,5,768,195,768,645,610
6,5,8832,3300,869,899,1843
7,8,645,12750,8101,768,925,0,655,14720
Gen-16
1,5,740,750,768,760,768
2,5,655,10,645,130,305
3,4,11156,9138,745,768
4,5,580,680,0,645,675
5,5,768,195,768,645,610
6,5,8832,3300,869,899,1843
7,8,12750,8101,768,768,925,760,768,14720
Gen-17
1,5,740,750,768,760,768
2,5,768,10,645,130,305
3,5,11156,9138,745,768,768
4,5,580,680,0,645,675
5,5,768,195,768,645,610
6,5,8832,3300,869,899,1843
7,6,12750,8101,768,925,10,14720
Gen-18
2,5,768,10,645,130,305
3,6,11156,9138,745,768,768,750
4,5,580,680,0,645,675
5,5,768,195,768,645,610
6,5,8832,3300,869,899,1843
7,7,12750,8101,768,925,768,0,14720
Gen-19
2,5,0,10,645,130,305
3,6,11156,9138,768,768,750,768
4,5,580,680,0,645,675
5,5,768,195,768,645,610
6,5,8832,3300,869,899,1843
7,7,12750,8101,768,925,740,768,14720
Gen-20
3,6,11156,9138,768,768,768,545
4,5,580,768,0,645,675
5,5,768,195,768,645,610
6,5,8832,3300,869,899,1843
7,9,12750,8101,768,925,768,290,768,1039,14720
Gen-21
3,8,11156,9138,768,768,768,768,0,768
4,5,580,1049,0,645,675
6,6,8832,3300,869,545,899,1843
7,10,12750,8101,925,1039,760,3196,768,768,3105,14720
Gen-22
3,8,11156,9138,768,768,768,0,768,1823
4,5,580,3110,0,645,675
6,7,8832,3300,869,635,1872,899,1843
7,10,12750,8101,3196,3105,545,645,768,768,645,14720
Gen-23
3,10,11156,9138,768,768,1823,5790,290,300,259,0
4,6,580,650,0,225,645,675
7,14,12750,8101,3196,3105,645,290,768,2443,994,768,768,705,768,14720
Gen-24
3,11,11156,9138,768,1823,5790,760,768,3983,55,4958,3392
4,5,580,680,225,645,768
7,15,12750,8101,3196,3105,14720,9268,530,755,768,765,768,0,5520,290,795
Gen-25
3,12,11156,9138,5790,3983,4958,760,768,749,635,324,532,0
4,5,580,680,225,645,795
7,14,12750,8101,14720,9268,5520,450,3137,0,0,2494,12676,2404,2323,290
Gen-26
3,11,11156,9138,5790,3983,4958,259,768,12082,0,760,645
4,5,580,680,225,645,290
7,14,12750,768,2443,15,645,768,730,3206,8101,14720,9268,12676,3959,670
Gen-27
3,11,11156,9138,768,768,354,768,768,979,5790,4958,12082
4,5,580,3211,225,645,675
7,14,12750,580,768,768,3397,1833,768,225,2322,8101,730,14720,9268,12676
Gen-28
3,11,11156,9138,290,0,995,768,260,740,5790,4958,12082
4,5,580,730,225,645,675
7,14,12750,8101,290,3953,768,755,3999,768,768,730,3270,14720,9268,12676
Gen-29
3,11,11156,9138,769,768,768,360,768,265,5790,4958,12082
4,5,580,3280,225,645,675
7,14,12750,8101,3888,0,2885,768,768,8902,545,0,768,14720,9268,12676
Gen-30
3,11,11156,9138,0,0,2323,3818,0,768,5790,4958,12082
4,5,580,768,225,645,675
7,14,12750,8902,8852,739,899,768,3356,768,290,768,660,14720,9268,12676
Gen-31
3,11,11156,9138,270,55,772,55,768,5790,3447,4958,12082
4,5,580,665,225,645,675
7,14,12750,8902,768,929,705,768,745,975,15,768,260,14720,9268,12676
Gen-32
3,11,11156,9138,5790,4059,0,3963,260,0,165,4958,12082
4,5,580,680,225,645,260
7,14,12750,8902,14720,768,0,9268,0,768,290,768,768,768,0,12676
Gen-33
3,12,11156,9138,5790,4958,0,195,165,768,740,768,545,12082
4,5,580,0,225,645,675
7,14,12750,8902,14720,9268,730,3290,645,768,3270,545,2438,0,315,12676
Gen-34
3,12,11156,9138,5790,4958,260,768,6508,4951,260,795,759,12082
4,5,580,680,225,645,550
7,14,12750,3206,8902,14720,9268,3291,768,12676,610,609,3076,745,994,3030
Gen-35
3,12,11156,768,7283,25,8130,260,768,9138,768,5790,6508,12082
4,5,580,3211,225,645,675
7,14,12750,285,355,768,4953,745,745,290,585,4225,8902,14720,9268,12676
Gen-36
3,12,11156,7283,8130,9138,2297,768,385,768,65,768,0,12082
4,5,580,4230,225,645,675
7,14,12750,725,768,224,1055,55,0,745,768,768,8902,14720,9268,12676
Gen-37
3,13,11156,7283,8130,9138,768,259,740,645,1050,740,0,755,12082
4,5,580,0,225,645,675
7,13,12750,760,1739,260,610,4214,3201,289,8902,768,14720,9268,12676
Gen-38
3,11,11156,7283,8130,9138,4129,768,385,28496,2337,768,12082
4,5,580,680,225,645,768
7,14,12750,8902,2734,705,705,11294,768,768,4053,864,3220,14720,9268,12676
Gen-39
3,13,11156,8130,9138,28496,1004,740,0,768,610,290,2522,1025,12082
4,5,580,680,225,645,3225
7,12,12750,11294,15,768,3416,768,768,768,0,14720,9268,12676
Gen-40
3,13,11156,8130,9138,28496,305,4773,754,768,742,260,205,2337,12082
4,5,580,680,225,645,1035
7,12,12750,11294,768,620,4926,768,768,768,725,14720,9268,12676
Gen-41
3,13,11156,8130,9138,28496,3989,768,55,580,768,768,325,220,12082
4,5,580,680,225,645,2342
7,12,12750,11294,14720,980,9268,768,768,610,980,768,768,12676
Gen-42
3,13,11156,8130,9138,28496,769,0,769,740,768,760,750,12082,768
4,5,580,680,225,645,220
7,12,12750,11294,14720,9268,610,545,6964,3422,220,929,290,12676
Gen-43
3,13,11156,0,300,325,760,8130,9138,28496,12082,768,3422,768,768
4,5,580,769,225,645,675
7,12,12750,610,768,5777,290,745,959,768,11294,14720,9268,12676
Gen-44
3,13,11156,8130,9138,25,768,0,385,768,765,768,768,28496,12082
4,5,580,768,225,645,675
7,12,12750,768,768,768,768,4941,545,1836,11294,14720,9268,12676
Gen-45
3,13,11156,8130,9138,100,3705,768,769,0,220,8269,3739,28496,12082
4,5,580,1841,225,645,675
7,12,12750,130,11176,740,768,759,225,0,11294,14720,9268,12676
Gen-46
3,13,11156,9138,8269,4822,768,300,10388,28496,9042,768,965,745,12082
4,5,580,0,225,645,675
7,12,12750,11176,768,2679,768,768,768,260,760,11294,14720,12676
Gen-47
3,13,755,315,768,768,768,768,0,3196,115,768,760,3960,768
4,5,580,680,225,645,745
7,13,12750,11176,610,760,11294,768,0,2443,24256,15,768,14720,12676
Gen-48
3,5,768,768,3960,2498,0
4,5,580,679,100,864,3965
7,20,2438,768,768,1060,3196,210,3431,939,745,0,0,768,290,645,8852,754,0,610,768,760
Gen-49
3,8,768,768,3960,2498,0,768,355,768
4,7,580,679,100,864,610,130,580
7,15,2438,1060,3196,3431,8852,6963,768,3085,995,675,700,680,745,725,0
Gen-50
3,10,768,768,3196,3960,2498,768,755,0,2649,0
4,6,580,679,768,645,580,680
7,14,8857,3431,6963,3085,2422,755,745,1783,2443,3848,2995,165,2418,610
Gen-51
3,8,768,3196,3960,2498,2649,195,4205,768
4,5,580,679,615,645,680
7,16,8857,949,290,768,768,3431,6963,3085,3848,195,768,645,768,549,1040,749
8,1,9268
Gen-52
3,9,2498,768,768,430,768,0,3960,2649,768
8,21,9268,0,755,745,740,745,755,2315,768,2634,140,768,11619,55,3065,2269,769,750,215,4134,3196
Gen-53
3,10,2498,768,768,2709,768,1005,768,768,4144,2649
8,20,9268,11621,3065,4134,768,735,160,755,768,4802,768,100,2427,745,0,100,11156,0,2332,3196
Gen-54
3,11,2498,2709,1005,0,768,769,260,260,760,2332,2649
8,19,9268,12388,4134,4802,11156,115,0,768,265,220,225,225,3001,310,100,10433,260,0,25
Gen-55
3,10,2498,25,1005,768,768,768,3960,580,0,2649
8,20,9268,6610,4802,11156,10433,200,700,0,145,3356,3953,768,768,740,55,750,55,764,2252,755
Gen-56
3,9,2498,1005,768,755,754,768,545,768,2649
8,21,9268,7153,4802,11156,10433,2744,768,7837,2527,768,768,145,768,0,225,0,55,0,0,180,100
Gen-57
3,8,2498,1005,768,768,100,0,260,3392
8,22,9268,5777,11156,10433,7837,768,735,4125,740,768,740,768,755,768,768,55,0,760,3176,0,25,220
Gen-58
3,9,2498,609,768,768,100,1005,768,768,220
8,21,9268,3949,4731,6548,740,140,0,768,160,0,205,55,740,354,580,0,768,7313,11156,10433,7837
Gen-59
3,8,768,768,768,0,195,3211,1005,768
8,22,9268,642,610,13156,768,220,742,450,2517,0,768,0,55,768,740,3300,385,768,220,11156,10433,7837
Gen-60
3,7,2498,768,768,220,1005,768,768
8,23,9268,10851,740,760,2624,11156,768,753,3999,3382,455,768,100,772,2413,205,260,760,768,3225,2523,10433,7837
Gen-61
3,6,2528,768,768,1005,768,0
8,24,9268,7316,11156,55,55,768,10433,3175,265,165,25,740,4044,3893,768,740,10516,225,8849,4982,745,0,768,7837
Gen-62
3,7,768,768,768,1005,768,10,768
8,23,9268,11156,10433,10516,8849,100,755,760,740,994,995,2981,757,355,2517,2458,229,425,2629,0,265,768,130
Gen-63
3,6,2498,768,768,130,768,260
8,24,9268,11156,10433,10516,8849,165,0,610,220,4983,768,740,0,11431,768,768,768,55,0,100,740,3944,65,995
Gen-64
3,7,1000,768,768,768,260,768,768
8,23,9268,2337,768,768,11873,220,768,768,0,755,740,25,965,11156,10433,10516,11431,4991,3327,0,768,165,2317
Gen-65
3,6,975,768,768,768,768,768
8,20,10516,11873,55,768,225,768,3191,2440,745,768,0,355,768,0,899,768,2283,8480,11156,10433
9,4,11140,260,3195,11431
Gen-66
8,17,10516,3205,8480,3965,100,770,768,55,1004,757,768,229,2623,165,768,11156,10433
9,13,11140,260,3195,2569,768,985,768,864,1893,9877,115,11651,11431
Gen-67
8,17,10516,8480,3965,11651,610,4991,65,3090,3176,2223,3969,25,260,950,743,10433,3356
9,13,11140,3195,9877,11651,768,3356,2711,768,240,864,985,768,11431
Gen-68
8,16,10516,8480,768,4991,10433,768,0,740,625,340,739,5026,130,768,740,767
9,14,11140,9877,11651,3356,10,13262,768,1848,580,3386,165,864,645,11431
Gen-69
8,15,650,8480,4991,10433,5026,3382,3350,0,0,0,3105,768,0,768,4125
9,15,11140,9877,11651,13262,6599,768,3376,225,100,768,740,11431,768,1035,768
Gen-70
8,12,8480,4991,4135,5026,0,55,0,2614,768,224,55,2976
9,18,11140,768,768,768,4155,1888,9877,11651,13262,11431,4125,768,0,768,3351,1923,768,864
Gen-71
8,11,1893,224,755,740,8379,768,768,4991,10433,5026,2976
9,19,11140,768,768,768,260,260,2323,225,1005,768,864,1838,995,0,745,9877,11651,13262,11431
Gen-72
8,13,4991,8379,545,750,100,2689,768,229,7531,0,745,5026,2976
9,17,11140,610,2726,864,1848,768,155,768,864,955,768,2547,4120,9877,11651,13262,11431
Gen-73
8,11,4991,4130,7531,768,768,745,55,3372,768,5026,2976
9,19,11140,545,11651,9877,3341,10,768,700,1005,768,739,768,7315,768,3055,990,768,13262,11431
Gen-74
8,12,4991,8379,768,3372,768,768,768,740,768,1763,768,5026
9,18,11140,9877,11651,4962,768,2443,768,768,2433,768,765,768,768,768,768,13262,10,11431
Gen-75
8,11,4991,10,3372,1763,5026,990,768,55,730,768,545
9,19,11140,9877,11651,768,9035,13262,9267,768,768,3398,768,768,0,768,3948,960,0,768,11431
Gen-76
8,10,4991,3372,1763,768,990,755,768,730,768,10372
9,20,11140,9877,11651,13262,768,11431,768,768,4732,224,760,745,768,0,3376,768,768,3979,515,8908
Gen-77
8,11,4991,754,768,3392,3372,1763,990,8913,768,4747,4933
9,19,11140,4916,768,4996,768,768,768,768,864,768,740,5519,864,8421,1828,9877,11651,13262,11431
Gen-78
8,12,4991,3392,768,768,3366,765,768,768,768,1833,4747,4933
9,18,11140,580,768,995,725,768,0,0,768,864,768,745,768,25,9877,11651,13262,11431
Gen-79
8,11,25,3392,3366,989,939,768,3085,940,768,4747,4933
9,19,11140,768,0,768,0,864,949,324,9877,740,11651,8375,864,2292,445,579,225,13262,11431
Gen-80
8,10,3366,3392,3085,0,610,3983,305,645,4747,230
9,20,11140,9877,11651,765,768,768,195,3969,768,4140,545,1000,755,960,3356,768,864,768,13262,11431
Gen-81
8,11,3366,3392,3085,3983,768,224,11884,768,768,768,768
9,19,11140,9877,11651,768,960,13262,2594,745,864,768,768,768,768,864,768,864,738,768,11431
Gen-82
8,12,3366,3392,3085,3983,768,745,768,768,1004,4170,768,0
9,18,11140,9877,11651,13262,2464,225,768,768,0,11431,3496,165,6553,768,4098,1813,768,768
Gen-83
8,10,3366,3392,3085,3983,768,768,0,755,515,700
9,20,11140,768,768,515,10,745,864,864,14798,3211,9877,11651,13262,11431,460,10531,3944,768,0,0
Gen-84
8,9,3366,3392,11648,735,610,610,3085,3221,4170
9,21,11140,14798,4063,768,2728,25,768,996,740,2322,764,768,864,515,768,0,2624,864,11651,13262,11431
Gen-85
8,12,3366,3392,864,3983,768,6573,613,768,864,760,3983,4170
9,18,11140,14798,4883,1005,2333,3371,768,10,768,768,745,580,864,768,768,11651,13262,11431
Gen-86
8,11,3392,3983,768,0,4878,768,100,768,768,3983,4170
9,19,11140,14798,11651,3948,740,100,8865,755,9578,768,4561,768,768,768,768,768,1853,13262,11431
Gen-87
8,10,3392,3983,1858,3983,0,745,0,3973,785,4170
9,20,11140,14798,11651,2711,644,970,768,3969,130,768,768,260,0,0,13262,675,768,768,750,11431
Gen-88
8,11,3392,3983,3983,3973,9867,768,768,515,768,768,750
9,19,11140,14798,11651,13262,225,220,768,864,2438,975,2323,740,100,900,3964,768,864,11431,768
Gen-89
8,12,3392,3983,3983,3973,768,755,3422,645,768,4922,3392,4751
9,18,11140,748,14798,740,11651,13262,11431,960,999,772,768,768,975,864,739,864,2616,864
Gen-90
8,11,3983,768,70,768,975,768,768,3983,3973,748,4751
9,19,11140,14798,768,3371,768,768,3934,2583,1748,3196,768,985,1848,864,10,768,11651,13262,11431
Gen-91
8,10,3983,975,224,768,768,0,130,3983,3973,768
9,20,11140,14798,3351,760,970,355,1728,13258,864,864,15116,864,725,960,760,768,0,11651,13262,11431
Gen-92
8,8,5,975,768,3983,768,864,768,3973
9,22,13262,14798,13258,15116,224,609,3304,1728,3406,10,764,740,11651,3471,0,768,23179,165,3212,745,768,3963
Gen-93
8,7,3973,975,768,864,760,5744,3973
9,23,13262,14798,13258,15116,23179,0,100,768,768,8083,768,235,864,768,864,768,768,745,768,955,768,675,864
Gen-94
8,9,3983,975,864,864,3973,768,768,580,755
9,21,13262,14798,13258,15116,23179,995,3206,768,768,740,745,864,0,768,745,4234,3531,760,3096,768,0
Gen-95
8,8,0,975,864,5744,3973,1340,768,768
9,22,13262,14798,13258,15116,23179,740,3979,564,0,769,2633,6964,3372,609,768,924,768,1045,755,355,755,610
Gen-96
8,7,1340,975,864,615,3973,768,130
9,21,13262,260,768,9748,4741,864,10,14798,768,768,4035,750,3210,768,768,13258,15116,23179,3265,4190,768
10,2,5759,768
Gen-97
9,22,13262,14798,768,0,768,8470,3406,5721,465,10,9211,768,768,2438,13258,3351,3356,15116,745,768,3844,23179
10,8,768,745,0,0,130,385,55,768
Gen-98
9,24,13262,14798,13258,15116,768,985,864,4165,3346,355,3526,3406,12320,195,990,2323,740,4841,0,745,768,768,23179,2338
10,6,3854,745,130,385,754,768
Gen-99
9,25,13262,14798,13258,15116,23179,768,768,0,984,580,864,675,2323,0,270,0,768,768,2513,768,767,768,3397,745,0
10,5,2348,745,385,754,768
Gen-100
9,24,13262,14798,13258,15116,23179,2443,755,768,950,768,3472,960,3437,225,270,0,864,0,768,145,755,1893,760,1728
10,6,5,745,385,754,130,768
