Gen-0
1,30,0,130,515,0,35,5,0,10,0,581,0,0,5,0,0,0,101,0,0,611,545,10,0,0,0,0,485,10,0,0
Gen-1
1,30,5,65,581,545,485,741,0,481,0,580,236,0,206,700,55,40,10,611,0,515,0,721,5,0,0,515,0,913,0,679
Gen-2
1,13,679,741,720,556,720,896,675,841,580,160,686,196,744
2,17,700,721,679,561,716,721,815,481,806,840,784,680,641,715,715,130,946
Gen-3
1,13,744,741,951,841,480,50,744,0,841,841,841,840,75
2,13,815,720,806,840,946,676,720,370,966,565,8881,0,260
3,4,784,840,811,580
Gen-4
1,5,841,585,841,841,896
2,13,815,946,966,8881,360,806,2179,666,560,701,925,5,611
3,7,784,840,840,811,580,721,840
4,5,841,840,716,721,816
Gen-5
1,5,841,841,841,896,576
2,12,8881,946,966,2179,925,106,840,840,0,706,101,815
3,6,784,616,840,811,840,840
4,7,841,896,840,716,721,816,721
Gen-6
1,6,841,771,841,841,896,576
2,11,8881,96,771,3045,106,611,110,946,966,2179,925
3,7,784,0,825,811,840,840,721
4,6,841,1393,896,840,721,816
Gen-7
1,5,841,771,841,841,896
2,12,8881,3045,896,1611,3077,576,586,896,11008,946,966,2179
3,6,784,661,840,811,110,840
4,7,841,1393,755,4973,896,840,816
Gen-8
1,5,841,771,841,841,2034
2,13,1261,2829,3077,4599,961,645,841,496,949,1541,132,96,1098
3,5,645,795,11008,811,840
4,8,836,811,841,1075,511,841,840,841
Gen-9
1,6,841,771,791,841,841,2034
2,9,1261,2829,3077,4599,1541,2607,1446,841,65
3,9,645,795,840,721,35,721,840,811,840
4,6,840,841,96,841,0,841
Gen-10
1,7,841,791,1271,841,841,841,2034
2,12,2829,3077,4599,1541,2607,0,971,721,816,1401,721,770
3,2,811,795
4,5,840,731,1075,841,841
5,5,840,840,721,840,840
Gen-11
1,6,841,1271,841,606,841,2034
2,11,2829,3077,4599,1541,2607,811,35,481,3652,4599,1541
3,3,770,721,721
4,5,840,841,1075,841,841
5,7,840,795,840,721,65,840,840
Gen-12
1,5,841,1271,841,841,2034
2,11,2829,3077,4599,3652,4599,612,801,2592,835,7671,3075
3,5,811,721,721,721,805
4,5,840,841,1075,841,841
5,6,1551,795,840,721,840,840
Gen-13
1,5,841,1271,841,841,2034
2,13,4599,3077,3652,4599,7671,841,0,2212,3872,811,515,4619,230
3,5,3080,721,721,721,805
4,5,840,841,1075,841,841
5,5,840,795,840,840,840
Gen-14
1,5,841,1271,841,841,2034
2,11,4599,4599,13091,3872,4619,2949,896,5632,8101,0,4037
3,5,811,721,721,721,805
4,5,840,841,1075,841,841
5,5,230,795,840,840,840
Gen-15
1,5,841,1271,841,841,2034
2,12,4599,13091,4619,5632,8101,831,515,2829,560,1077,841,4563
3,5,811,721,721,721,805
4,5,840,841,1075,841,841
5,5,840,795,4037,840,840
Gen-16
1,5,841,1271,841,841,2034
2,12,4599,13091,4619,5632,8101,7671,720,206,546,1544,1095,101
3,5,4568,721,721,721,805
4,5,840,841,1075,841,841
5,5,840,795,840,840,840
Gen-17
1,5,841,1271,841,841,2034
2,11,7671,4619,5632,8101,7671,0,3712,8138,11008,841,715
3,5,811,721,721,721,805
4,5,840,841,1075,841,841
5,5,106,795,840,840,840
Gen-18
1,5,841,1271,841,841,2034
2,13,13091,8101,7671,8138,11008,576,261,546,831,150,5603,841,246
3,5,811,721,721,721,805
4,5,840,841,1075,841,841
5,5,840,795,725,840,840
Gen-19
1,5,841,1271,841,841,2034
2,13,7671,8101,7671,2061,8138,11008,841,5185,576,581,5,836,841
3,5,246,721,721,721,805
4,5,840,841,1075,841,841
5,5,840,795,840,840,840
Gen-20
1,5,841,1271,841,841,2034
2,13,13091,8101,7671,8138,11008,773,835,351,0,3104,2407,55,0
3,5,811,721,721,721,2071
4,5,840,841,1075,841,841
5,5,840,795,840,840,840
Gen-21
1,5,841,1271,841,841,2034
2,12,13091,556,720,841,753,6607,536,965,8101,7671,8138,11008
3,5,811,721,721,721,805
4,5,840,841,1075,841,841
5,5,5,795,840,840,840
Gen-22
1,5,841,1271,841,841,2034
2,13,13091,2808,8128,1549,3281,841,1526,840,841,8101,7671,8138,11008
3,5,811,721,721,721,805
4,5,840,841,1075,841,841
5,5,840,795,975,840,840
Gen-23
1,5,841,1271,841,841,2034
2,17,7671,4599,236,640,841,721,811,0,3104,13536,831,0,841,0,8101,8138,11008
3,5,851,721,721,721,805
5,5,840,795,840,840,840
Gen-24
1,6,841,883,1271,841,841,2034
2,19,7671,7348,576,545,55,941,811,816,216,201,546,7691,611,516,351,581,8101,8138,11008
5,5,0,795,840,840,840
Gen-25
1,7,841,883,1271,841,2543,841,2034
2,18,7671,7691,811,6784,3080,3645,2592,376,7616,2606,9472,9434,3085,581,816,8101,8138,11008
5,5,840,795,581,840,840
Gen-26
1,6,841,883,2543,1271,3050,2034
2,20,8101,9472,9434,1396,226,841,340,155,896,70,246,160,341,920,350,226,7641,65,8138,11008
5,5,826,795,840,840,840
Gen-27
1,8,1271,883,2543,3050,841,540,0,2034
2,17,8101,9472,9434,9472,7928,2299,3645,841,515,841,2024,841,8116,841,130,8138,11008
5,5,840,795,65,840,840
Gen-28
1,7,1271,883,2543,3050,841,0,2034
2,18,8138,9472,9434,9472,721,500,840,545,840,965,85,0,841,11008,956,576,576,0
5,5,130,795,840,840,840
Gen-29
1,8,1271,883,2543,3050,2034,7168,375,975
2,17,8138,9472,9434,9472,11008,3304,10176,696,581,2552,5,96,0,841,1316,10,6903
5,5,840,795,0,840,840
Gen-30
1,8,1271,2543,3050,2034,7168,55,915,811
2,17,9472,7596,1524,841,784,2327,9434,9472,11008,10176,2075,8696,6602,561,841,516,786
5,5,6913,795,840,840,840
Gen-31
1,7,1271,1535,896,2543,3050,2034,7168
2,17,9472,2829,515,101,116,783,769,841,773,704,546,265,9965,9434,9472,11008,10176
5,6,2327,896,795,840,840,840
Gen-32
1,9,2034,1535,835,35,896,721,2543,3050,7168
2,16,9472,9965,0,161,841,0,951,7089,516,3555,851,721,580,9472,11008,10176
5,5,9965,896,840,840,840
Gen-33
1,8,2034,1535,721,720,965,2543,3050,585
2,15,9472,9965,20,85,811,896,0,515,80,0,866,5,9472,11008,10176
5,7,840,896,720,840,840,840,840
Gen-34
1,7,2034,1535,965,2543,21616,0,3050
2,17,9472,9965,3079,696,65,0,6878,0,96,970,898,3163,841,898,9472,11008,10176
5,6,840,5,840,840,840,840
Gen-35
1,11,2034,1535,2543,21616,3050,0,721,1514,641,721,790
2,15,9472,9965,196,1989,816,841,841,635,12768,783,6176,676,9472,11008,10176
5,5,898,840,840,840,840
Gen-36
1,10,2034,1535,2543,10539,3050,836,690,671,65,60
2,4,9472,9965,12768,10176
5,5,800,840,840,840,840
6,11,516,841,2298,2289,2829,841,811,1503,786,841,11008
Gen-37
1,7,2034,1535,2543,10539,3050,1534,930
2,4,9472,3645,10176,811
5,5,840,851,840,840,840
6,14,11008,9965,8103,2298,2289,2829,1503,7092,0,2829,783,55,6165,536
Gen-38
1,6,2034,1535,2543,11307,3050,721
2,8,9472,3645,811,10176,96,965,25,581
5,5,840,811,840,840,840
6,11,11008,9965,12768,7092,6165,7093,345,841,611,321,841
Gen-39
1,7,2034,1535,2543,11307,3050,1799,2153
2,7,9472,3645,811,10176,965,811,8492
5,5,586,840,840,840,840
6,12,11008,1536,9965,12768,7092,7093,8488,1248,841,896,545,840
Gen-40
1,7,2034,6381,9472,2543,11307,3050,2153
2,8,9472,10,1999,1219,3645,10176,965,8492
5,5,840,1546,840,840,840
6,10,11008,918,0,35,1236,546,9965,12768,7093,8488
Gen-41
1,8,2543,6381,9472,165,1399,810,21616,3050
2,9,9472,1999,106,916,105,866,3645,10176,8492
5,5,840,546,840,840,840
6,9,11008,2829,100,132,841,9965,12768,7093,8488
Gen-42
1,8,2543,6381,9472,836,1779,100,11307,3050
2,8,9472,1999,96,96,516,3645,10176,8492
5,5,820,840,840,840,840
6,9,11008,9965,816,576,896,7236,12768,7093,8488
Gen-43
1,8,2543,6381,9472,896,841,791,11307,3050
2,8,9472,1999,831,611,841,3645,10176,8492
5,5,840,7236,840,840,840
6,10,11008,9965,7236,840,2034,142,841,0,12768,8488
Gen-44
1,8,2543,6381,9472,721,835,3271,11307,3050
2,8,9472,1999,965,0,0,3645,10176,8492
5,5,840,0,840,840,840
6,8,11008,9965,7236,5408,586,576,12768,8488
Gen-45
1,9,3050,6381,9472,3271,21616,836,6432,841,6688
2,7,9472,1999,0,836,3645,10176,8492
5,5,576,840,840,840,840
6,10,11008,9965,7236,836,841,7691,581,7938,12768,8488
Gen-46
1,9,11307,6381,9472,6432,6688,500,165,1535,720
2,7,9472,1999,3104,841,3645,10176,8492
5,5,840,7938,840,840,840
6,10,11008,9965,7938,841,841,12768,6561,545,841,8488
Gen-47
1,8,21616,6381,9472,6432,6688,2677,55,0
2,8,9472,3104,2802,576,111,3645,10176,8492
5,5,840,851,840,840,840
6,9,11008,9965,7938,12768,7552,720,896,3645,8488
Gen-48
1,10,10539,6381,9472,6432,6688,55,840,485,1634,0
2,8,9472,3104,3045,841,7119,3645,3655,8492
6,12,11008,9965,7938,12768,773,2061,640,835,841,5,1534,8488
Gen-49
1,9,1544,6381,9472,6432,6688,475,1531,530,6432
2,9,9472,7119,10176,3645,811,25,960,581,8492
6,11,11008,9965,7938,12768,841,65,7548,816,1231,6341,8488
Gen-50
1,8,6381,586,6432,6688,6432,721,3712,721
2,10,9472,7119,8492,3645,10176,80,0,816,10,841
6,12,11008,9965,7938,12768,840,8429,8488,5355,610,351,2809,1043
Gen-51
1,9,6381,2829,721,3092,226,6432,1053,6432,3712
2,9,9472,816,545,9652,0,7119,3645,10176,8492
6,13,11008,377,545,4298,3245,2437,831,2584,2829,9965,12768,8429,8488
Gen-52
1,8,6381,3092,0,165,835,2839,6432,3712
2,10,9472,9652,25,301,786,841,516,7119,10176,8492
6,12,11008,9965,970,6321,12499,721,611,3243,6160,12768,8429,8488
Gen-53
1,7,6381,3092,841,5,6432,516,3712
2,9,9472,9652,928,1221,102,0,7119,10176,8492
6,13,11008,9965,12499,3082,646,2829,896,10,3645,721,773,12768,8488
Gen-54
1,6,6381,3092,841,841,778,3712
2,11,9472,9652,226,0,14304,811,786,0,7119,10176,8492
6,13,11008,9965,12499,576,3055,2024,1398,841,70,35,721,12768,8488
Gen-55
1,7,0,3092,841,841,676,790,3712
2,12,9472,9652,14304,3645,581,841,898,806,170,841,10176,8492
6,12,11008,9965,12499,516,0,291,511,3104,8377,841,12768,8488
Gen-56
1,6,841,3092,841,790,65,851
2,12,9472,9652,14304,4516,841,1398,321,841,841,841,10176,8492
6,12,11008,9965,12499,12768,1556,3045,675,8704,896,8394,2842,8488
Gen-57
1,5,841,2852,841,790,3712
2,11,9472,9652,14304,841,1241,581,7671,841,290,10176,8492
6,14,11008,9965,12499,12768,8704,9668,2062,0,836,2061,9195,0,576,340
Gen-58
1,5,841,3092,841,790,340
2,12,9472,9652,773,10,14304,10176,841,841,841,8492,510,2829
6,13,11008,9965,12499,12768,9668,7861,721,7104,276,116,841,777,2024
Gen-59
1,5,841,15,841,790,3712
2,12,9472,9652,14304,10176,8492,2829,4118,5,580,981,80,841
6,13,11008,3063,896,841,2061,841,840,721,640,9965,12499,12768,9668
Gen-60
1,5,841,3092,841,790,640
2,12,9472,9652,806,875,2029,831,841,771,0,14304,10176,8492
6,13,11008,3645,546,3050,2829,7689,720,7552,736,9965,12499,12768,9668
Gen-61
1,5,841,0,841,790,3712
2,11,9472,9652,7109,5,826,340,773,0,14304,10176,8492
6,14,11008,9965,12499,865,3129,3841,841,70,666,6105,4800,721,12768,9668
Gen-62
1,5,841,3092,841,790,731
2,12,9472,9652,0,2829,101,261,841,0,0,14304,10176,8492
6,13,11008,9965,12499,3712,546,10,1256,545,5,1266,15827,12768,9668
Gen-63
2,14,9472,9652,101,80,841,840,0,13859,581,811,806,371,10176,8492
6,16,11008,9965,12499,15827,0,841,641,641,130,1249,345,321,12768,10,6400,5
Gen-64
2,15,9472,9652,5,205,0,545,65,841,841,0,5228,50,2829,10176,8492
6,15,11008,9965,12499,15827,12768,706,841,896,531,545,226,136,931,2907,841
Gen-65
2,14,9472,9652,5228,581,779,226,0,101,841,796,0,706,846,8492
6,16,11008,9965,12499,15827,12768,740,0,0,2511,960,101,2297,9664,0,5387,6784
Gen-66
2,12,9472,6784,5228,8492,10176,6600,2219,841,556,6359,801,836
6,18,11008,960,546,9122,165,7149,9965,12499,15827,12768,2829,786,35,931,136,841,291,7091
Gen-67
2,13,9472,0,9652,546,901,0,2289,2807,841,96,7159,6587,8492
6,17,11008,0,0,841,946,7671,9965,361,12499,2062,250,6883,841,965,960,15827,12768
Gen-68
2,12,9472,960,721,841,856,857,841,0,50,10176,6580,8492
6,18,11008,9965,12499,5,0,55,0,6164,566,161,516,841,546,866,783,4599,15827,12768
Gen-69
2,13,9472,9652,0,841,366,5,835,696,20,581,4609,6597,8492
6,17,11008,9965,12499,896,112,841,841,576,841,3041,946,2378,195,591,5,12768,15827
Gen-70
2,12,9472,5,0,0,801,0,485,25,321,10176,6580,8492
6,18,11008,9965,12499,15827,12768,841,896,2287,665,841,146,285,836,1516,7552,3050,246,545
Gen-71
2,13,9472,801,65,25,826,841,0,801,801,0,545,6580,8492
6,17,11008,9965,12499,15827,8103,640,546,591,230,841,784,841,896,516,985,212,741
Gen-72
2,12,741,826,841,7630,811,773,0,0,450,6898,6577,8492
6,18,11008,9965,12499,15827,12768,856,560,3535,195,866,721,7624,841,721,546,581,936,836
Gen-73
2,11,946,7134,10,816,841,7630,6898,6580,9280,8455,1393
6,19,11008,2963,505,196,2313,581,841,3635,1984,515,2317,25,841,3077,936,9965,12499,15827,8103
Gen-74
2,13,7630,7134,3645,2261,0,65,816,5155,7347,821,6898,9280,8455
6,17,11008,2282,896,9965,131,12499,611,50,901,172,581,2074,0,15,741,946,12768
Gen-75
2,15,7630,7134,7347,106,841,106,0,706,111,841,866,0,2004,9280,8455
6,15,11008,2282,9965,12499,581,576,371,841,581,115,0,841,211,0,821
Gen-76
2,16,7630,7134,7347,0,95,811,0,841,20,721,50,841,953,0,9280,8455
6,14,11008,2282,9965,2014,841,355,0,841,1984,10,0,545,720,551
Gen-77
2,17,7630,7134,7347,0,0,0,3079,10,0,611,65,1401,0,96,841,9280,8455
6,13,0,2282,9965,12499,1984,9472,96,0,515,3040,841,481,5
Gen-78
2,15,7630,7134,7347,901,899,25,921,0,0,225,0,0,11008,846,8455
6,15,3040,2282,9965,12499,9472,3080,581,115,1504,571,186,5440,640,0,931
Gen-79
2,14,7630,7134,7347,936,25,1236,0,641,825,0,106,0,841,8455
6,16,12499,0,216,135,0,575,0,840,784,896,9965,546,9472,3080,5440,3077
Gen-80
2,13,7630,7134,841,65,10,841,841,0,801,0,7347,1236,896
6,17,12499,0,340,9965,6784,0,700,896,75,260,5,610,841,896,9472,3080,5440
Gen-81
2,12,896,7134,65,641,546,0,686,709,7347,771,1236,8455
6,18,12499,9965,6784,0,65,841,526,4032,721,576,0,6468,728,10,2829,901,9472,5440
Gen-82
2,13,7630,7134,7347,739,841,0,321,783,1509,231,131,1236,901
6,17,12499,9965,6784,6468,65,3821,10,6208,2752,721,10,841,720,720,20,731,9472
Gen-83
2,12,731,7134,7347,1509,831,635,611,0,2044,10,666,1236
6,18,12499,9965,6784,6468,117,9472,840,896,356,840,2004,545,771,666,371,10,901,3197
Gen-84
2,11,2044,7134,3207,1509,6373,106,898,95,866,5,1236
6,19,12499,9965,6784,6468,9472,1841,210,1530,356,610,581,3368,117,840,0,236,9472,55,0
Gen-85
2,12,2044,0,7347,1509,6373,0,0,65,321,581,351,801
6,18,12499,721,9965,6784,9472,9472,581,131,5629,841,3712,0,166,896,556,1549,4384,2287
Gen-86
2,10,2044,102,1408,7841,716,801,731,1509,6373,801
6,20,12499,2691,10,3811,246,4802,581,896,226,773,131,211,840,20,9965,6784,581,3097,9472,9472
Gen-87
2,11,2044,1408,3102,2752,117,1826,896,716,806,1509,6373
6,19,12499,9965,6784,841,175,2287,841,2287,2582,788,7676,580,15,7921,1239,773,1999,9472,9472
Gen-88
2,10,2044,7841,2752,1826,571,0,801,0,106,1999
6,20,12499,9965,7921,10,545,5,0,10,841,2607,2061,350,676,5588,611,165,65,2439,9472,9472
Gen-89
2,8,2044,2439,2752,1826,831,2216,10,101
6,19,12499,9965,7921,3173,2829,545,897,720,7879,8184,1500,841,9472,1534,575,581,2572,3090,9472
7,3,10,0,6373
Gen-90
6,23,12499,9965,8184,9472,8193,0,1256,9472,886,581,1544,3284,716,0,0,9903,481,10,0,839,840,10,9472
7,7,10,0,0,581,10,581,3095
Gen-91
6,24,12499,9965,9472,9472,9903,576,773,954,0,1309,545,2257,2801,2297,1524,721,704,586,841,50,841,111,721,650
7,6,10,581,10,581,10,0
Gen-92
6,25,12499,778,12156,0,8429,265,704,1529,0,10,261,866,6878,10211,901,741,9965,9472,9472,9903,0,841,20,306,696
7,5,10,650,10,581,6373
Gen-93
6,23,12499,12156,10211,0,896,9965,4413,896,70,117,841,3104,130,112,0,576,1504,721,1306,130,945,321,9903
7,7,10,898,836,581,10,581,746
Gen-94
6,24,12499,12156,10211,9965,854,240,100,960,120,676,0,1150,721,841,2024,515,516,2039,965,2287,50,936,841,9903
7,6,581,321,836,896,581,6373
Gen-95
6,22,12499,12156,10211,9965,801,96,5,10,35,0,5,721,3655,10,721,111,4148,0,5,101,96,9903
7,8,581,836,896,841,896,841,581,846
Gen-96
6,23,12499,12156,10211,9965,10,8429,131,10210,896,0,9472,96,102,0,96,3090,35,2292,2817,576,7552,3520,9903
7,7,6373,96,841,896,841,581,0
Gen-97
6,24,12499,12156,10211,9965,10210,580,0,841,5312,2829,2405,1534,831,376,2297,811,841,0,20,8881,1236,676,13647,246
7,6,3520,841,896,841,581,841
Gen-98
6,23,12499,0,12156,0,0,141,0,65,6945,10211,10210,13647,5278,10,35,0,816,671,841,0,3506,3834,841
7,7,246,841,896,841,841,721,826
Gen-99
6,24,12499,12156,10,280,5,896,10211,1241,335,773,706,961,2450,841,716,3249,270,225,96,566,0,130,10210,13647
7,6,841,898,841,6955,841,826
Gen-100
6,21,12499,12156,10211,840,0,841,9472,840,10,866,968,3090,20,112,10,841,0,641,75,10210,13647
7,9,841,898,185,1999,841,0,841,135,841
