Gen-0
1,7,0,5,580,0,5,0,65
2,15,0,0,5,0,0,35,0,130,0,130,10,5,0,100,0
3,8,0,385,0,0,0,0,0,450
Gen-1
1,9,0,5,5,65,130,576,576,421,450
2,12,100,35,450,130,10,5,65,385,130,10,580,500
3,10,0,580,485,0,0,670,516,666,5,485
Gen-2
1,10,421,580,35,611,576,450,546,10,546,10
2,1,581
3,20,670,485,100,130,485,516,500,666,645,100,450,0,355,545,451,645,549,450,545,451
Gen-3
1,7,576,580,456,546,0,705,515
2,7,581,130,510,5,10,25,581
3,17,670,666,645,546,645,549,515,675,610,636,530,485,546,679,580,676,641
Gen-4
1,8,576,580,546,705,515,721,721,666
2,6,581,130,510,25,581,709
3,16,670,666,675,679,676,0,545,0,55,515,105,675,685,545,101,385
Gen-5
1,13,580,705,675,721,721,666,675,165,721,721,10,720,841
2,8,581,676,130,510,581,385,705,5
3,8,685,679,640,720,35,700,671,721
Gen-6
1,12,721,721,721,721,841,670,841,715,1278,0,516,721
2,9,581,676,510,581,846,100,720,721,861
3,9,685,679,720,700,721,545,0,0,720
Gen-7
1,11,721,914,841,721,721,721,721,721,841,841,1278
2,9,705,721,721,580,1293,1911,720,721,861
3,8,685,0,165,720,700,731,720,721
4,1,676
Gen-8
1,10,1278,914,841,696,721,896,1764,0,841,841
2,10,721,721,1293,1911,896,581,671,1651,1349,861
3,7,731,720,456,720,700,720,721
4,5,676,185,100,806,611
Gen-9
1,9,1278,914,841,896,1764,841,1709,0,6400
2,11,1911,1293,896,1651,1349,581,2273,576,709,709,6185
3,6,721,720,758,720,720,721
4,5,676,185,100,1354,611
Gen-10
1,10,1278,914,1764,1709,6400,1769,1769,801,896,721
2,10,896,1651,1349,1485,7360,1475,10,581,10,161
3,5,721,720,758,720,721
4,5,676,185,100,6195,611
Gen-11
1,9,841,841,5632,841,1769,1231,811,641,758
2,9,1349,1651,1485,12515,1475,10,896,9472,5593
3,5,721,720,166,35,721
4,7,616,185,100,1732,641,661,35
Gen-12
1,7,841,841,5632,1769,1231,896,4672
2,13,1651,1485,8512,9472,5593,581,711,896,8928,1293,896,811,675
3,5,763,720,721,35,721
4,5,616,185,1732,641,661
Gen-13
1,8,5632,1769,1231,896,4672,0,1449,836
2,13,1651,6580,9472,5593,8928,195,165,641,3717,896,896,736,766
3,5,680,720,721,35,721
4,5,616,185,1732,641,661
Gen-14
1,8,5632,1769,1231,4672,1449,645,841,896
2,13,6580,9472,5593,8928,3717,611,706,1894,165,824,130,581,65
3,5,721,720,776,35,721
4,5,616,185,1732,641,661
Gen-15
1,8,5632,1769,1231,4672,1449,646,896,480
2,13,7065,9472,5593,8928,3717,195,616,581,896,706,8512,6400,8512
3,5,721,720,70,35,721
4,5,616,185,1732,641,661
Gen-16
1,7,5632,1769,1231,4672,1449,896,896
2,14,8512,9472,8928,8512,8512,1293,724,841,705,165,700,645,0,581
3,5,8512,720,721,35,721
4,5,616,185,1732,641,661
Gen-17
1,8,5632,1769,1231,4672,1449,896,0,768
2,12,8512,9472,8928,8512,8512,615,641,0,6400,1601,641,1246
3,6,721,720,721,35,581,721
4,5,616,185,586,641,661
Gen-18
1,7,5632,1769,1231,4672,1449,896,791
2,14,6580,10,5,641,580,0,1481,6176,645,641,9472,8928,8512,8512
3,5,721,720,721,581,721
4,5,616,185,1732,641,1256
Gen-19
1,7,5632,1689,8704,1769,1231,4672,1449
2,14,12515,581,896,130,640,170,641,581,581,696,9472,8928,8512,8512
3,5,646,720,721,581,721
4,5,616,185,1732,641,661
Gen-20
1,9,5632,1689,8704,896,896,896,8704,1769,4672
2,12,8512,580,581,3712,581,709,5792,645,9472,8928,8512,8512
3,5,721,720,696,581,721
4,5,616,185,1732,641,661
Gen-21
1,9,5632,8704,8704,2287,1874,2535,896,1769,4672
2,12,8512,709,766,3053,5593,841,709,1241,9472,8928,8512,8512
3,5,650,720,721,581,721
4,5,616,185,1732,641,661
Gen-22
1,10,5632,8704,8704,2535,4288,836,1589,450,671,4672
2,11,12515,130,711,0,0,580,761,9472,8928,8512,8512
3,5,721,720,1251,581,721
4,5,616,185,1732,641,661
Gen-23
1,10,5632,8704,8704,4288,709,426,100,970,841,4672
2,11,12515,9472,645,581,773,581,0,8928,3104,8512,8512
3,5,721,720,721,581,721
4,5,616,185,771,641,661
Gen-24
1,10,5632,8704,8704,3063,4672,4288,8704,301,8704,3008
2,11,6580,9472,8928,841,581,645,580,165,290,8512,8512
3,5,721,720,721,581,721
4,5,616,185,3104,641,661
Gen-25
1,12,5632,8704,8704,8704,8704,1293,721,9472,430,10,841,386
2,9,8512,9472,8928,641,580,675,515,8512,8512
3,5,295,720,721,581,721
4,5,616,185,1732,641,661
Gen-26
1,13,8704,8704,8704,8704,9472,896,9281,896,720,1251,1393,913,1619
2,12,12515,9472,8928,5597,9280,367,581,290,165,641,8512,8512
3,5,721,720,391,581,721
Gen-27
1,13,8704,8704,8704,9472,9281,1744,6602,1579,896,1824,3084,841,2292
2,13,6580,9472,8928,9280,8512,580,23720,1404,6903,0,7744,545,6903
3,5,646,720,721,581,721
Gen-28
1,11,8704,8704,8704,9472,9281,7936,1824,1348,841,7936,720
2,14,9472,195,1829,836,290,8928,6580,8512,3851,645,515,766,481,290
3,5,721,720,6913,581,721
Gen-29
1,14,8704,1814,1348,1389,724,896,841,437,0,1461,8704,8704,9472,9281
2,11,9472,100,641,675,615,165,670,8928,9280,8512,23720
3,6,721,546,720,841,581,721
Gen-30
1,12,8704,729,709,896,8704,1544,0,8704,8704,8704,9472,9281
2,13,9472,641,816,641,225,841,670,746,2720,8928,9280,8512,23720
3,5,721,720,1471,581,721
Gen-31
1,12,8704,8704,8704,616,6595,1824,1619,1619,841,884,9472,9281
2,13,9472,841,6125,3104,6130,616,581,5536,861,8928,9280,8512,23720
3,5,721,720,2720,581,721
Gen-32
1,14,8704,8704,8704,896,1531,896,898,421,841,24688,646,695,894,9281
2,16,9472,3063,516,721,805,615,1839,8928,290,1834,896,709,641,9280,8512,23720
Gen-33
1,15,8704,8704,8704,24688,0,954,7360,1824,581,3241,9472,9281,896,896,6400
2,15,9472,8928,576,841,6400,516,791,4450,611,450,165,225,9280,8512,641
Gen-34
1,17,8704,8704,24688,9472,9281,849,450,9472,9280,8704,6581,9281,6784,896,1824,1824,1723
2,13,6400,8928,6400,421,896,420,900,9472,0,9280,1545,580,8512
Gen-35
1,18,9281,100,24688,9472,9472,9281,580,773,8704,841,616,3063,0,6913,646,841,581,1401
2,12,9472,8928,1733,9280,8512,641,641,645,706,24995,805,896
Gen-36
1,10,9281,12192,768,896,345,791,709,3712,3063,9281
2,14,9472,9441,165,165,1824,3872,290,709,485,736,8928,9280,8512,24995
5,6,841,721,916,105,9472,9472
Gen-37
1,9,9281,12192,3712,3063,1246,2740,709,709,9281
2,13,9472,9441,720,9411,709,516,1839,260,226,841,8928,9280,24995
5,7,841,721,916,841,874,746,9472
Gen-38
1,10,9281,12192,3712,4288,896,896,709,1874,896,9281
2,14,9472,9441,9411,6115,9696,645,12037,0,9472,1205,1589,824,9280,24995
5,6,841,916,841,874,841,851
Gen-39
1,10,9281,12192,3712,4288,450,841,896,1224,841,9281
2,12,9472,9696,12032,9472,766,810,681,766,950,616,0,641
5,5,841,829,841,874,9472
6,3,0,615,24995
Gen-40
1,8,9281,12192,3712,4288,696,80,11424,9281
2,8,9472,9696,9472,950,580,0,1824,1824
5,5,841,916,841,874,641
6,9,0,8642,615,736,9472,616,701,830,24995
Gen-41
1,9,9281,12192,4288,11424,9472,6130,616,12192,9281
2,7,9472,9696,9472,1824,1824,515,290
5,5,841,830,841,874,9472
6,9,24995,12032,736,9472,830,246,0,766,3706
Gen-42
1,10,9281,12192,11424,9472,12192,610,992,836,14433,641
2,6,9472,9696,9472,1824,1824,3712
5,5,841,916,841,874,12192
6,8,24995,12037,9472,830,3706,1729,646,9472
Gen-43
1,10,12192,916,11424,9472,12192,8512,2292,9472,1641,611
2,7,9472,9696,9472,1824,3712,641,420
5,4,841,841,874,651
6,9,24995,12032,9472,3706,9472,615,185,9437,1231
Gen-44
1,10,12192,11424,9472,12192,9472,6135,6135,641,709,581
2,7,9472,9696,9472,1824,3712,841,581
5,5,841,841,1241,9472,721
6,9,24995,12037,9472,9472,9437,0,763,0,55
Gen-45
1,9,12192,11424,9472,12192,9472,6784,596,235,611
2,6,9472,9696,9472,1824,3712,1524
5,5,841,841,874,55,721
6,10,24995,12032,9472,9472,9437,1749,146,0,131,0
Gen-46
1,10,12192,616,3075,6135,10464,4674,11424,9472,12192,9472
2,7,9472,3038,641,9696,9472,1824,3712
5,5,841,841,5,9472,721
6,9,24995,130,5632,766,6888,12032,9472,9472,9437
Gen-47
1,9,12192,10464,4288,1824,8704,1170,11424,9472,12192
2,6,9472,6208,771,9696,9472,3712
5,5,841,841,874,4679,721
6,10,24995,616,1409,7686,3238,5,12032,9472,9472,9437
Gen-48
1,10,12192,10464,955,841,546,6208,611,11424,9472,12192
2,7,9472,3038,491,165,9696,9472,3712
5,5,841,841,874,5,721
6,9,24995,896,101,1271,131,12032,9472,9472,9437
Gen-49
1,8,12192,10464,611,581,7936,11424,9472,12192
2,8,9472,6208,913,709,9472,9696,9472,3712
5,5,841,841,611,9472,721
6,9,24995,9428,2284,616,11232,12032,9472,9472,9437
Gen-50
1,9,12192,10464,581,954,3904,1710,11424,9472,12192
2,7,9472,3038,9472,9696,9472,841,9472
5,5,841,841,874,11232,721
6,10,24995,11232,12032,1501,615,675,260,766,9472,9472
Gen-51
1,8,12192,10464,611,7744,131,11424,9472,12192
2,8,9472,9472,9696,9472,9472,2287,896,195
5,5,841,841,874,776,721
6,9,24995,11232,12037,1336,5592,4050,0,9472,9472
Gen-52
1,10,12192,10464,896,841,696,11424,836,896,9472,12192
2,10,9472,9472,9472,200,9472,9472,2292,515,1819,546
6,11,24995,11232,12037,9472,799,441,96,55,65,898,9472
Gen-53
1,11,12192,10464,11424,9472,641,10048,12192,9280,586,841,691
2,9,898,9472,9472,9472,9472,705,841,709,461
6,10,24995,11232,8642,9472,9472,5856,0,6785,666,6943
Gen-54
1,14,6953,10464,11424,10048,12192,959,546,970,196,616,6976,835,970,896
6,16,24995,11232,12037,9472,9472,8696,646,646,9449,5,615,10410,340,231,6976,290
Gen-55
1,13,11424,10464,10048,295,6976,610,836,641,2524,900,836,300,716
6,17,24995,96,581,770,3104,235,705,11232,12032,9472,10410,791,621,791,711,1490,841
Gen-56
1,14,715,970,836,1375,10464,991,581,1674,641,671,7360,10048,6976,2524
6,16,24995,611,641,896,1245,616,854,516,975,5818,8649,8704,11232,12032,9472,10410
Gen-57
1,12,6976,8704,7360,1525,1900,900,260,791,836,1111,10048,2524
6,18,24995,841,421,615,340,100,896,440,155,11232,616,646,12032,531,721,791,9472,10410
Gen-58
1,13,6976,10464,7360,726,841,315,616,616,6135,3080,1381,801,2524
6,17,24995,11232,12032,700,130,671,671,0,0,485,106,10370,646,721,808,9472,10410
Gen-59
1,12,6976,818,6135,6135,3080,85,841,225,581,1819,791,1271
6,18,24995,11232,12037,10370,221,4843,4815,24488,3081,680,0,96,1539,1794,0,0,145,10410
Gen-60
1,10,145,7360,6135,3080,1819,0,615,576,836,841
6,20,24995,6189,12037,9438,1504,896,0,785,290,576,3009,1679,0,116,1174,763,4050,646,5607,10410
Gen-61
1,11,1819,5617,6135,3080,841,3100,545,6820,841,8704,611
6,19,24995,11232,12037,516,7584,0,10410,7148,616,3058,10027,711,741,616,0,616,100,2156,0
Gen-62
1,12,6135,1293,721,841,841,721,6135,3100,6820,5,0,270
6,18,24995,201,0,681,435,1404,1241,3705,616,1293,0,0,100,900,11232,12037,10410,10027
Gen-63
1,11,6135,1293,713,335,2298,3520,245,791,7360,3100,900
6,19,24995,0,2244,9472,900,898,130,271,1236,781,791,615,721,1839,671,7329,12037,10410,10027
Gen-64
1,10,7360,2298,3520,1258,1669,8512,841,836,681,3100
6,20,24995,9472,96,12037,6976,645,0,5,9448,706,3700,95,6934,0,766,1549,896,2428,10410,10027
Gen-65
1,11,6135,2298,3520,3201,3712,260,420,841,1604,1405,3100
6,19,24995,9472,12037,1604,615,1246,1536,791,670,791,641,65,1440,6369,615,5,766,10410,10027
Gen-66
1,10,776,3520,12907,3712,913,913,6165,6135,3319,3100
6,20,24995,9472,12037,6359,791,6908,898,781,4045,1404,1326,3253,791,896,405,290,3712,0,10410,10027
Gen-67
1,12,3520,5,3712,6165,6135,829,2297,645,1231,955,6976,1381
6,18,24995,9472,12032,3712,1569,580,711,10410,8655,616,781,7550,6948,8704,165,0,8671,793
Gen-68
1,11,3520,3712,6165,7360,803,195,9472,884,351,206,721
6,19,24995,610,5632,28528,6367,646,8352,581,526,0,451,9472,12037,10410,8704,291,1251,1409,701
Gen-69
1,10,3520,1729,1400,7104,1594,836,3712,6165,6135,451
6,20,24995,28528,291,100,7584,0,611,818,0,1794,101,9472,9472,3715,1545,8352,420,9472,12032,10410
Gen-70
1,11,3520,9472,841,1226,2499,576,450,5841,3712,6165,7360
6,19,24995,28728,9472,4828,0,670,2958,841,1485,55,791,12037,806,960,5593,260,766,829,10410
Gen-71
1,12,6165,839,5841,260,8512,835,1281,8512,576,2282,3712,7360
6,18,24995,28728,9472,12037,646,0,896,641,781,96,766,6115,791,781,0,96,841,10410
Gen-72
1,13,6165,5841,851,8512,841,766,1111,7360,10,896,195,841,7360
6,17,24995,28528,9472,12032,130,0,10,700,766,5440,819,0,3284,711,9426,705,10410
Gen-73
1,11,6592,5841,705,7360,7360,896,913,671,1241,771,768
6,19,24995,28528,9472,12037,1454,781,616,1599,1505,9079,0,96,5440,766,8152,515,6590,10410,671
Gen-74
1,10,6592,5841,681,6135,1241,1684,616,6065,611,616
6,20,24995,8452,5408,28528,9472,12032,6661,10410,671,646,766,0,854,721,0,1335,260,65,9472,0
Gen-75
1,9,5418,641,1231,1293,721,5841,7360,1684,6065
6,21,24995,28528,366,581,1255,645,85,646,896,5606,4480,791,581,791,839,0,0,9417,9472,12032,10410
Gen-76
1,10,6165,581,1251,165,2396,1709,5841,9427,1684,6065
6,20,24995,28728,9472,6482,735,0,9472,766,0,576,1341,766,736,5440,10422,791,616,695,8642,10410
Gen-77
1,11,6592,2396,5841,8352,741,576,1659,1669,5,705,6065
6,19,24995,28528,9472,10422,140,0,180,0,416,671,55,766,0,646,1461,1856,0,1246,10410
Gen-78
1,12,6165,2396,5841,1256,611,195,1276,616,611,1310,1614,6065
6,18,24995,28528,9472,10422,0,841,0,7101,0,0,746,706,0,827,0,96,581,10410
Gen-79
1,11,581,2396,5841,1614,649,545,6592,421,575,8736,6065
6,19,24995,28528,9472,10422,3514,646,778,435,773,671,721,791,896,616,1241,791,3269,481,10410
Gen-80
1,10,6592,2396,5841,481,165,611,841,576,225,6065
6,20,24995,2282,28528,4836,9472,10422,615,766,10410,900,766,10656,0,9281,766,1404,671,1225,898,1501
Gen-81
1,9,4836,2396,5841,841,6065,1316,5,426,659
6,21,24995,616,55,28528,0,10656,766,1236,195,721,1418,791,1504,766,0,0,10422,10410,10656,721,346
Gen-82
1,10,6592,421,3394,610,461,611,2396,5841,0,1316
6,20,24995,28728,10656,841,826,0,9472,7365,191,0,0,766,736,1714,786,721,236,791,10422,10656
Gen-83
1,9,801,3394,2396,420,5841,576,4288,576,1316
6,21,24995,28728,10656,10422,766,1058,0,766,8669,1659,55,0,0,15883,6923,225,616,396,2287,616,10656
Gen-84
1,8,4288,3394,2396,616,431,576,131,1316
6,22,24995,28528,10656,15883,0,6145,711,821,10185,55,896,1539,65,9280,616,0,711,751,695,531,700,10656
Gen-85
1,7,710,3394,2396,5841,1874,6400,1316
6,23,24995,28528,10656,15883,791,7051,576,545,581,826,781,781,5440,816,0,0,0,1520,581,0,1580,6803,10656
Gen-86
1,9,6813,3394,2396,5841,1874,1395,96,1609,801
6,21,24995,28528,10656,15883,0,711,646,8133,0,0,615,0,535,10422,0,2792,831,10656,960,791,0
Gen-87
1,10,5,3394,2396,5841,1874,441,641,8512,9649,5632
6,20,24995,1829,766,28728,10656,165,582,1476,411,15883,10656,8649,1489,3712,0,540,896,0,0,2642
Gen-88
1,11,411,2986,841,863,791,100,841,3394,5841,8512,5632
6,19,24995,28528,10656,3304,11227,1236,766,10568,13641,742,0,811,896,646,96,826,50,15883,10656
Gen-89
1,10,2986,3394,1809,1293,4288,721,0,5841,50,5632
6,20,24995,28528,11227,13641,896,834,646,736,1404,3242,0,4297,101,15,791,766,646,9439,1301,15883
Gen-90
1,9,2986,3394,4288,1301,834,9472,7552,1486,5632
6,21,24995,28528,11227,13641,15883,6938,897,1293,0,1505,0,2296,671,781,791,2636,1474,770,8512,898,736
Gen-91
1,11,5632,3394,4288,746,7552,720,15,841,971,8512,6135
6,19,24995,28528,11227,13641,15883,766,706,676,1796,1489,1501,7343,3011,1404,635,671,671,801,794
Gen-92
1,10,5632,4288,7552,799,6135,1769,7584,9472,1804,963
6,20,24995,28528,11227,13641,15883,736,447,0,1409,0,7173,0,117,766,0,616,834,1684,791,0
Gen-93
1,12,5632,7552,6135,7584,0,841,2287,1255,9472,1529,1293,7360
6,18,24995,28528,581,754,11227,13641,15883,8512,884,0,1935,65,5088,641,131,744,0,0
Gen-94
1,13,7552,3104,1293,721,1536,2307,130,6135,7584,0,7360,2523,1293
6,17,24995,28528,25456,680,516,616,9472,356,11227,0,721,5,13641,0,831,646,15883
Gen-95
1,11,7552,3104,840,6904,3251,7360,666,4092,7360,656,7360
6,19,24995,28528,25456,13641,5632,1409,771,6577,896,1614,35,0,841,1476,711,791,1409,806,15883
Gen-96
1,12,816,6904,6042,3095,2287,7360,575,676,3048,768,7360,6135
6,18,24995,28528,25456,13641,9472,350,15883,540,791,676,896,710,0,0,156,4480,721,736
Gen-97
1,11,7360,6904,7360,746,7631,720,7360,1229,2289,96,6135
6,18,24995,28528,25456,13641,15883,3904,1444,791,806,841,686,1487,0,646,844,724,1245,801
7,1,0
Gen-98
1,11,7360,6904,6042,7631,7360,768,1293,8704,1389,970,6903
6,14,24995,28728,25456,13641,841,640,765,711,706,4623,700,635,35,6948
7,8,806,15883,0,0,0,0,1829,0
Gen-99
1,10,7360,6904,7631,7360,8704,7360,130,739,970,131
6,15,24995,28528,25456,13641,8457,0,0,806,791,791,150,9446,546,5593,0
7,6,0,6958,0,0,1829,896
Gen-100
1,9,6135,7631,7360,8704,6135,65,130,956,841
6,16,24995,814,765,28528,1405,25456,13641,9446,510,0,6785,96,896,65,769,0
7,5,0,0,0,1829,896
