Gen-0
1,27,0,2694,0,0,2724,0,1986,0,0,0,0,0,0,0,0,2819,0,0,0,0,0,0,5,65,0,0,0
2,3,1028,0,2884
Gen-1
1,14,5,2724,65,100,2724,2969,2920,10,0,0,2081,65,0,2849
2,16,1028,2694,1986,0,2884,2981,0,0,10,3168,0,2208,0,65,4172,2208
Gen-2
1,6,2208,2724,2884,2176,2976,2849
2,14,4172,2694,2884,2981,3168,0,165,2969,2976,1440,4810,0,4965,0
3,1,2724
4,5,2920,2884,2789,2849,2920
5,4,2849,2884,0,2724
Gen-3
1,7,2969,2884,2976,2849,6048,2976,2116
2,8,4172,2981,3168,4810,4965,1440,10,2181
3,6,2724,2724,0,35,2724,2724
4,6,2920,2884,2789,2849,2920,2884
5,5,2849,0,0,2724,2849
Gen-4
1,5,2969,2884,2976,6048,2976
2,7,4172,2981,3168,4810,4965,1188,6912
3,5,2724,2724,35,2724,2724
4,7,2920,2884,2849,2920,2884,2976,2884
5,5,2884,2884,0,2724,2849
6,3,5035,4267,2400
Gen-5
1,4,2969,2884,2976,2976
2,4,4172,3168,4810,6912
3,5,2400,2724,35,2724,2724
4,5,2920,2884,2920,2884,2976
5,5,2849,2884,0,2724,2849
6,7,5035,4965,6048,4267,2400,2849,1440
Gen-6
1,5,2969,2884,2976,2976,2976
2,6,4172,3168,4810,6912,1440,1440
3,5,2724,3168,35,2724,2724
4,5,2920,2884,2920,2884,2976
5,5,2849,2884,0,2724,2849
6,6,5035,4965,6048,4267,2849,2976
Gen-7
1,5,2969,2884,2976,2976,2976
2,5,4172,3168,4810,6912,1440
3,5,2724,2724,35,2724,2724
4,5,2920,2884,2920,2884,2976
5,5,2849,1440,0,2724,2849
6,7,5035,4965,6048,4267,2976,2208,2976
Gen-8
1,5,2969,2884,2976,2976,2976
2,6,4172,3168,4810,6912,1440,1981
3,5,2724,2724,35,2724,2724
4,5,2920,2884,2920,2884,2976
5,5,2976,2884,0,2724,2849
6,6,5035,4965,6048,4267,2976,2976
Gen-9
1,5,2969,2884,2976,2976,2976
2,6,4172,3168,4810,6912,1981,2208
3,5,1981,2724,35,2724,2724
4,5,2920,2884,2920,2884,2976
5,5,2849,2884,0,2724,2849
6,6,5035,4965,6048,4267,2976,2976
Gen-10
1,5,2969,2884,2976,2976,2976
2,6,4172,3168,4810,6912,2208,2208
3,5,2724,2976,35,2724,2724
4,5,2920,2884,2920,2884,2976
5,5,2849,2884,0,2724,2849
6,6,5035,4965,6048,4267,2976,5280
Gen-11
1,5,2969,2884,2976,2976,2976
2,6,4172,3168,4810,6912,2208,2400
3,5,2724,5280,35,2724,2724
4,5,2920,2884,2920,2884,2976
5,5,2849,2884,0,2724,2849
6,6,5035,4965,6048,4267,5280,3168
Gen-12
1,5,2969,2884,2976,2976,2976
2,6,4172,3168,4810,6912,2400,10
3,5,2724,2724,35,2724,2724
4,5,2920,2884,2920,2884,2976
5,5,2849,3168,0,2724,2849
6,6,5035,4965,6048,4267,5280,2976
Gen-13
1,5,2969,2884,2976,2976,2976
2,5,4172,3168,4810,6912,2400
3,5,2976,2724,35,2724,2724
4,5,2920,2884,2920,2884,2976
5,5,2849,2884,0,2724,2849
6,7,5035,4965,6048,4267,5280,10,5280
Gen-14
1,5,2969,2884,2976,2976,2976
2,6,4172,3168,4810,6912,2400,1028
3,5,5280,2724,35,2724,2724
4,5,2920,2884,2920,2884,2976
5,5,2849,2884,0,2724,2849
6,6,5035,4965,6048,5280,5280,6112
Gen-15
1,5,2969,2884,2976,2976,2976
2,5,4172,3168,4810,6912,2400
3,5,2724,2724,35,2724,2724
4,5,2920,2884,2920,2884,2976
5,5,2849,6112,0,2724,2849
6,7,5035,6048,5280,5280,6112,5035,6112
Gen-16
1,5,2969,2884,2976,2976,2976
2,5,4172,3168,4810,6912,2400
3,5,6112,2724,35,2724,2724
4,5,2920,2884,2920,2884,2976
5,5,2849,2884,0,2724,2849
6,7,6048,5280,5280,6112,6112,1440,4608
Gen-17
1,5,2969,2884,2976,2976,2976
2,5,4172,3168,4810,6912,2400
3,5,2724,2724,35,2724,2724
4,5,2920,2884,2920,2884,2976
5,5,2849,4608,0,2724,2849
6,7,6048,5280,5280,6112,6112,11681,1632
Gen-18
1,5,2969,2884,2976,2976,2976
2,5,4172,3168,4810,6912,2400
3,5,1632,2724,35,2724,2724
4,5,2920,2884,2920,2884,2976
5,5,2849,2884,0,2724,2849
6,7,6048,5280,6112,6112,11681,0,6112
Gen-19
1,5,2969,2884,2976,2976,2976
2,5,4172,3168,4810,6912,2400
3,5,2724,6112,35,2724,2724
4,5,2920,2884,2920,2884,2976
5,5,2849,2884,0,2724,2849
6,7,6048,6112,6112,11681,6112,5152,11328
Gen-20
2,6,4172,3168,4810,6912,2400,2182
3,5,2724,2724,35,2724,2724
4,5,2920,2884,2920,2884,2976
5,5,2849,11328,0,2724,2849
6,9,6112,5344,6112,11681,6112,11328,14014,5920,3549
Gen-21
3,6,5344,65,2724,35,2724,2724
5,8,2849,2884,3168,0,2884,0,2724,2849
6,16,6112,0,0,6112,11715,5220,0,645,1440,2341,2976,1573,6112,11681,11328,14014
Gen-22
3,7,2724,65,2724,0,2724,2724,2724
5,7,2849,2884,1578,2976,3168,2884,2849
6,16,6112,11715,10053,12484,6112,10,6112,0,4846,5915,6112,1440,0,11681,11328,14014
Gen-23
3,6,0,2724,2724,2689,2724,2724
5,8,2849,2884,2976,3168,2976,35,3168,2884
6,16,11681,11715,12484,6112,1440,9993,6690,2976,5920,3554,3589,1440,1440,0,11328,14014
Gen-24
3,5,2724,0,2724,2689,2724
5,7,2884,2976,3168,2976,3168,2208,2944
6,18,11681,11715,12484,0,11539,6112,2208,10205,3524,10944,2176,1413,11685,0,9409,6112,11328,14014
Gen-25
3,6,6112,2724,2724,2689,2724,2724
5,6,3168,2976,2976,3168,2944,2976
6,18,11681,11715,12484,11685,10,2208,485,2306,11328,6112,0,6112,2939,3744,2208,10,1443,14014
Gen-26
3,7,2724,2724,2724,2724,2920,5,2724
5,7,1443,2976,2976,3168,2976,993,2884
6,16,11681,11715,12484,11685,1083,14016,0,3549,0,6112,6112,9387,6112,8642,3554,14014
Gen-27
3,6,2724,2724,2724,2724,3554,2208
5,6,2976,2976,2976,3168,2884,2976
6,18,11685,11715,12484,14016,9024,0,11716,998,2819,7293,0,6112,1440,11328,6112,1438,1438,14014
Gen-28
3,7,2724,2724,2724,2724,1440,2919,2974
5,7,2976,2976,2976,3168,2976,2976,2976
6,16,14016,11715,12484,11716,1438,11716,9024,1253,1440,0,2939,6112,0,6112,0,14014
Gen-29
3,6,2724,2724,2724,2919,0,2976
5,8,2976,2976,2976,3168,2976,2949,2754,2976
6,16,14016,0,2181,0,0,0,6112,10,1440,12484,6112,11716,11716,14014,2786,0
Gen-30
3,7,2724,2724,2849,0,2724,2919,1440
5,9,2976,2208,2976,1632,2976,2976,2976,3168,2976
6,15,14016,2208,0,11687,10947,5536,12484,10,11686,2211,10948,10553,11716,11716,14014
Gen-31
3,6,2724,2724,2849,2724,2976,10553
5,8,2976,2976,2976,2976,0,2976,2976,3168
6,16,14016,12484,11714,0,8068,11703,1473,4576,4387,3554,1413,13990,10177,11716,11716,14014
Gen-32
3,4,2724,2724,2849,2976
5,7,2976,2976,2976,2976,10177,1936,2884
6,16,14016,12484,13990,14010,12481,2819,9410,1440,1948,6112,100,6112,6112,3554,11716,14014
7,3,2976,2976,2919
Gen-33
3,2,2724,2724
5,6,2976,2976,2976,2976,3168,0
6,15,14016,12484,13990,14010,8256,9775,0,6304,0,9410,0,0,1413,6112,14014
7,6,2976,2849,3554,2976,2689,2919
8,2,2969,2976
Gen-34
3,5,2724,2724,0,0,2689
5,5,2976,2976,2976,2976,6112
6,13,14016,12484,13990,14010,6112,1440,1563,0,14005,6112,10,0,14014
7,4,2976,2849,2976,2919
8,6,2969,2976,2976,2976,10,2208
Gen-35
3,5,0,2724,0,0,2689
5,5,2976,2976,2976,2976,3168
6,11,14016,13990,14010,14005,10626,3549,10560,5536,6112,2341,14014
7,5,2976,2849,2976,2976,2919
8,5,2969,2976,2976,2976,2208
Gen-36
3,5,2724,2341,0,0,2689
5,5,2976,2976,2976,2976,3168
6,12,14016,13990,14010,14005,6112,10948,2051,1408,6112,6112,6112,14014
7,5,2976,2849,2976,2976,2919
8,5,2969,2976,2976,2976,2208
Gen-37
3,5,6112,2724,0,0,2689
5,5,2976,2976,2976,2976,3168
6,12,14016,13990,14010,14005,12481,2326,0,2341,1538,2211,11702,14014
7,5,2976,2849,2976,2976,2919
8,5,2969,2976,2976,2976,2208
Gen-38
3,5,11702,2724,0,0,2689
5,5,2976,2976,2976,2976,3168
6,12,14016,13990,14010,14005,2331,8256,2196,0,11519,35,35,14014
7,5,2976,2849,2976,2976,2919
8,5,2969,2976,2976,2976,2208
Gen-39
3,6,2724,2724,0,0,2689,2724
6,13,14016,13990,14010,14005,0,0,30,2326,1440,35,13728,1632,14014
7,6,2976,2849,2976,2976,2919,993
8,5,2969,35,2976,2976,2208
Gen-40
3,5,1632,2724,0,2689,2724
6,14,14016,13986,13990,14010,14005,9792,5536,0,9024,0,6112,14014,1423,6112
7,5,2976,2849,2976,2976,2919
8,5,2969,2976,2976,2976,2208
Gen-41
3,5,2724,13986,0,2689,2724
6,14,14016,1438,0,1443,3549,15654,6689,9923,8077,10947,13990,14010,14005,14014
7,6,2976,65,2849,2976,2976,2919
8,6,2969,2208,2976,2976,2976,2208
Gen-42
3,6,2724,2724,0,0,2689,2724
6,15,14016,15654,10721,0,2201,1440,1443,6112,2208,0,2021,0,14010,14005,14014
7,5,10947,2849,2976,2976,2919
8,5,2969,2208,2976,2976,2976
Gen-43
3,5,0,2724,0,2689,2724
6,13,14016,15654,0,10696,1440,10,1473,3554,0,8643,14010,14005,14014
7,7,2976,2849,2976,10,2724,2976,2919
8,6,2969,2208,2969,2976,2976,2976
Gen-44
3,5,2724,8643,0,2689,2724
6,14,14016,15654,9800,2113,100,10282,5,1558,14010,0,1828,5155,14005,14014
7,6,2976,2849,2976,2754,2976,2919
8,5,2969,2969,2976,2976,2976
Gen-45
3,6,2724,2724,0,2819,2689,2724
6,13,14016,15654,14010,0,12465,6112,5344,6112,13237,12096,15,14005,14014
7,5,5160,2849,2976,2976,2919
8,6,2969,2969,2976,10,2976,2976
Gen-46
3,5,2724,2724,15,2689,2724
6,15,14016,15654,14010,1473,6112,9024,205,1440,0,1440,6112,2208,8256,14005,14014
7,6,2976,2849,2976,130,2976,2919
8,5,2969,2969,2976,2976,2976
Gen-47
3,5,8256,2724,2819,2689,2724
6,14,14016,15654,14010,0,3549,0,0,2178,1440,0,11321,10,14005,14014
7,5,2976,2849,2976,2976,2919
8,6,2969,2969,2976,2976,2754,2976
Gen-48
3,6,2724,2724,2819,2689,0,2724
6,13,14016,15654,14010,1145,14005,10,23352,2974,1440,10923,9536,7304,14014
7,6,2976,2849,2976,2754,2976,2919
8,5,2969,2969,10,2976,2976
Gen-49
3,5,2724,2724,7304,2689,2724
6,15,14016,15654,14010,23352,1440,0,5220,6112,0,2306,1440,2208,2881,1440,14014
7,5,2976,2849,2976,2976,2919
8,5,2969,2969,2976,2976,2976
Gen-50
3,6,2724,2724,2819,2689,2724,2724
6,13,14016,15654,14010,23352,6112,11772,1438,12096,1440,2306,8256,10639,14014
7,6,1440,2849,2976,2976,165,2919
8,6,2969,2969,2976,2976,2976,2969
Gen-51
3,5,2724,2724,2819,2724,2724
6,15,14016,15654,14010,23352,6112,3524,11045,8613,10,30,1398,0,2113,11316,14014
7,5,2976,2849,10644,2976,2919
8,5,2969,2969,2976,2976,2976
Gen-52
3,5,2724,2724,11316,2724,2724
6,14,14016,2789,15654,14010,23352,4707,1563,9888,6112,13065,9376,0,1408,14014
7,6,2976,2849,2976,2976,2919,2976
8,5,2969,2969,2976,2976,2976
Gen-53
3,6,2724,2724,2819,2724,2724,65
6,15,14016,23920,10,5536,0,6304,1438,15654,24120,2208,2341,14010,23352,14014,10209
7,5,2794,2976,2976,2919,2976
8,5,2969,2969,2976,2976,2976
Gen-54
3,5,2724,2724,2341,2724,2724
6,15,14016,23920,24120,15654,6112,6112,1433,0,0,1440,6112,15008,1283,3529,23352
7,5,2976,2976,2976,2919,2976
8,5,2969,2969,2976,2976,2976
Gen-55
3,5,3529,2724,2819,2724,2724
6,15,23352,23920,24120,15654,15008,6304,6112,6112,3554,24888,24888,6112,2113,6304,14823
7,5,2976,2976,2976,2919,2976
8,5,2969,2969,2976,2976,2976
Gen-56
3,5,14828,2724,2819,2724,2724
6,17,23352,24120,24120,24888,24888,11178,0,6112,1440,0,6112,23352,6112,6112,6112,0,6112
7,5,2976,2976,2976,2919,2976
8,5,2969,2969,2976,2976,2976
Gen-57
3,6,2724,2724,2689,2819,2724,2724
6,15,23352,24120,24120,24888,24888,1440,6112,6112,0,6112,6275,1632,0,0,11744
7,5,6112,2976,2976,2919,2976
8,5,2969,2969,2976,2976,2976
Gen-58
3,5,2724,2724,11749,2724,2724
6,15,23352,23920,24120,24888,24888,1440,6223,6112,1440,8224,6112,6112,6112,2146,0
7,6,2976,2976,1956,2976,2919,2976
8,5,2969,2969,2976,2976,2976
Gen-59
3,7,2724,2724,2819,2724,10,2724,2724
6,18,23352,23920,24120,24888,24888,6112,4740,0,6112,6112,100,2146,100,3554,1538,6112,7488,6112
8,6,2969,2969,0,2976,10,2976
Gen-60
3,7,2724,2724,6112,2724,2724,55,2724
6,23,23352,23920,24120,24888,24888,2789,8239,6112,6112,6112,6112,6112,6112,3554,0,6112,8416,3909,6112,1440,8244,6112,0
Gen-61
3,6,2724,2724,5,2724,2724,2689
6,22,23352,23920,24120,24888,24888,6304,6112,1558,12523,8256,1410,14060,1433,0,0,6112,0,9024,6112,6112,6112,0
9,2,2819,2724
Gen-62
3,3,0,2724,2724
6,21,23352,24120,7299,1632,6112,0,24120,1440,14932,0,6112,1440,2211,24888,24888,2976,6112,6112,0,6112,1433
9,7,2819,2724,2689,2724,2819,195,2920
Gen-63
3,5,2724,1861,0,2211,2724
6,20,23352,23920,24120,795,0,17961,6112,6112,1630,0,6112,0,0,24888,24888,2208,0,1440,6112,670
9,6,2819,2724,2724,2724,2819,2920
Gen-64
3,5,672,1861,0,2724,2724
6,18,23352,23920,24120,24888,24888,1440,6112,6112,9007,6112,2208,11654,6112,6304,11776,6112,6112,9022
9,7,2819,2724,2724,2689,2724,2819,2920
Gen-65
3,5,2724,1861,0,9027,2724
6,19,23352,23920,24120,24888,24888,1440,6112,9775,9790,8621,1600,0,195,6304,6112,6304,1440,4687,0
9,6,2819,2724,2724,2919,2819,2920
Gen-66
3,5,2724,1861,0,2724,2724
6,19,23352,23920,24120,24888,24888,17895,0,2949,130,5663,6112,6112,6112,9664,2206,6112,6112,0,6112
9,6,2819,2724,2919,2789,2819,0
Gen-67
3,5,6112,1861,0,2724,2724
6,20,23352,23920,24120,24888,24888,6112,0,6112,0,3554,1440,1440,1440,2113,6112,8269,6112,0,3554,0
9,5,2819,2724,2919,2789,2819
Gen-68
3,6,0,1861,0,2724,2724,2849
6,18,23352,24120,24120,24888,24888,6112,25656,10731,6112,6112,1440,2976,11659,8197,6112,6112,8416,9507
9,6,2819,2724,2919,2789,195,2819
Gen-69
3,5,2724,1861,2724,2724,9512
6,20,23920,24120,24888,24888,25456,0,35,0,12933,0,2176,8416,6304,2181,0,6112,6304,0,6112,6112
9,5,2819,2724,2919,2789,2819
Gen-70
3,6,2724,1861,2724,2724,2849,2849
6,18,23920,5,11321,6112,1440,24120,10048,24888,24888,25456,130,2976,0,10176,6112,1440,0,6112
9,6,2819,2724,6112,2789,2819,2976
Gen-71
3,5,2724,2724,2724,10048,2849
6,18,23920,24120,2400,12650,2208,6112,1440,6304,2208,6112,1440,1440,0,6112,28528,24888,24888,25456
9,7,2819,2172,2940,2919,2789,2976,2819
Gen-72
3,6,2724,5,2724,2724,2849,2849
6,18,24888,24120,28528,6112,24888,11509,35,6112,2400,6112,6112,9519,1928,2208,14818,9775,6112,25456
9,6,2819,2940,2976,2919,2819,28328
Gen-73
6,20,24888,24120,28528,24888,6112,165,6112,1963,6112,0,0,11328,6112,2916,27960,2819,18449,0,9888,25656
9,10,2819,2940,2976,2940,2976,2976,2976,2976,2919,6112
Gen-74
6,22,24888,28528,24888,27960,2726,1440,14191,2724,13045,6112,6112,14050,2208,6112,6112,6304,2208,9953,1440,2208,11863,25656
9,8,9893,2976,2976,2976,2976,2940,2976,0
Gen-75
6,23,24888,28528,24888,27960,10210,6112,7648,6112,6112,1440,27192,8224,25456,6112,10038,6112,1938,0,25656,1440,6112,6112,28528
9,7,11873,2976,2976,2976,2976,2976,2976
Gen-76
6,22,28528,28528,27960,27192,25456,8416,0,6112,0,0,2208,1440,3509,1938,6112,2208,6112,10211,9785,10603,0,1938
9,8,28528,2976,2976,2976,2976,2974,2919,2208
Gen-77
6,20,28528,29296,1630,1440,10558,23352,6112,9376,28528,27960,26992,25456,1473,6112,55,8224,8416,0,0,0
9,10,1943,2976,2976,2976,2976,145,2976,2976,2919,2976
Gen-78
6,22,28528,29296,13833,0,0,2849,6112,6112,7341,0,6880,28528,6112,24120,0,2181,25,0,2819,0,27960,27192
9,8,2976,2208,2724,2208,9376,2976,2976,2976
Gen-79
6,23,28528,29296,28528,2849,11424,11008,2976,2208,12650,0,0,0,6304,6112,11741,6112,6112,0,1603,1453,6112,27960,27192
9,7,2976,0,1440,2208,2976,2976,2976
Gen-80
6,24,28528,29296,28528,22584,0,27960,8416,0,1440,6112,9024,6112,17699,9775,9807,26424,29296,12133,2181,0,9280,25656,0,27192
9,6,6112,2208,2976,2976,2976,2208
Gen-81
6,25,28528,29296,28528,27960,29296,2400,24688,0,6112,26792,6112,2113,6112,10038,6112,10553,6112,6880,6112,2208,4532,6112,6112,6112,24688
9,5,5,2208,2976,2976,2976
Gen-82
6,25,28528,29296,28528,27960,29296,672,0,0,1440,9195,0,2208,0,10701,8416,0,0,0,8256,3529,0,8656,1603,0,1573
9,5,2976,2208,24488,2976,2976
Gen-83
6,20,28528,29296,28528,27960,29296,9006,5920,0,2181,0,1563,0,2881,2706,5536,0,25256,6112,6112,9775
9,10,2976,2208,1573,2976,2976,2976,2976,2976,2976,2976
Gen-84
6,22,28528,29296,6112,0,0,6112,27560,3684,0,6112,28328,0,0,0,10560,6112,8224,26224,28528,0,27960,29296
9,8,9785,2724,2208,2976,2976,2976,2976,65
Gen-85
6,23,28528,29296,28328,28528,27960,6112,6112,6112,6112,13275,6112,25656,24888,6112,6112,6112,3454,0,2976,0,9280,14818,29296
9,7,5,2689,2976,2976,2976,2976,2976
Gen-86
6,24,28528,29296,28328,28528,6112,9024,6112,6112,0,672,6112,26424,0,6112,1440,6112,12089,0,6112,1440,0,800,6112,29296
9,5,2976,14818,2976,2976,2976
10,1,3168
Gen-87
6,20,28528,29296,28328,28528,29296,0,6112,1345,21048,27760,1538,10796,2178,9024,11331,4886,3714,6304,6112,8858
9,2,2976,2976
10,10,6112,2976,2976,2976,6115,2976,3168,2849,2969,2724
Gen-88
6,22,28528,29296,28328,28528,29296,0,6112,8256,0,0,0,100,6112,14188,29096,0,14919,6112,6112,2976,9024,0
10,8,3168,2976,2976,8858,3168,2724,6112,55
Gen-89
6,23,28528,29296,28528,29296,29096,6112,0,0,1440,830,1928,2819,6112,6112,10978,10701,6112,8249,9024,6112,0,2208,7309
10,7,3168,2976,0,3168,6112,165,6112
Gen-90
6,22,28528,29296,0,0,0,0,10,0,0,7648,6112,0,5920,0,28528,29296,29096,9417,11003,1593,2819,6112
10,8,3168,2976,3168,7319,6112,2208,2849,6112
Gen-91
6,21,28528,29296,6112,10176,13039,28528,7907,0,6112,6112,1473,5344,0,0,0,0,6112,11386,200,29296,29096
10,9,3168,2689,1440,11808,1440,3168,0,6112,6112
Gen-92
6,22,28528,29296,28528,0,1440,11306,0,2916,0,0,1056,0,1440,6112,1440,10731,6112,0,21616,0,29296,29096
10,8,3168,200,2981,6112,1440,3168,6112,6112
Gen-93
6,21,28528,29296,28528,9024,9766,1558,6112,14179,29296,25256,1632,6112,6112,9792,2201,0,6112,1632,2341,6112,29096
10,9,3168,5,0,6112,6112,1440,3168,6112,6112
Gen-94
6,22,28528,29296,28528,29296,0,6112,6112,23920,0,3739,0,0,7106,10978,6112,0,6112,0,12512,0,10304,29096
10,8,3168,6112,6112,6112,6112,2976,6112,6112
Gen-95
6,21,28528,29296,28528,29296,29096,2208,15,1440,6550,1816,0,2974,1283,9422,6112,2916,7488,0,0,7456,10563
10,9,6112,10304,6112,6112,6112,1440,2208,6112,6112
Gen-96
6,20,28528,29296,10563,27960,6304,6112,28528,29296,29096,0,2146,2356,6112,0,9024,0,6112,8696,8416,1345
10,10,6112,11341,6112,6112,6112,6112,4492,12672,6112,2208
Gen-97
6,19,28528,29296,0,1413,0,3549,6112,6112,2331,2976,2208,28528,9452,6112,6112,0,14956,29296,29096
10,11,6112,2208,0,2819,2859,2849,3168,6112,6112,6112,6112
Gen-98
6,20,28528,29296,28528,0,12512,1448,0,27192,2341,6112,0,3409,0,1440,0,6112,1345,1948,29296,29096
10,10,14966,6112,1440,2976,5920,6112,6112,6112,6112,12672
Gen-99
6,19,28528,29296,28528,8256,1632,0,6112,0,2849,14813,0,0,29296,6112,0,0,6112,0,29096
10,11,1958,6112,6112,2944,2208,0,4805,2976,6112,6112,12672
Gen-100
6,20,28528,29296,28528,29296,10656,2916,864,1440,6112,6112,0,9785,1413,2881,2849,2819,6112,6112,2864,29096
10,10,6112,6112,6112,6112,2208,6112,3168,2944,6112,0
