Gen-0
1,30,0,0,0,5,65,96,0,5,0,0,0,75,0,100,0,0,640,0,0,0,0,0,0,0,0,0,420,10,675,611
Gen-1
1,30,615,100,615,576,611,675,545,720,355,0,645,586,616,0,581,581,100,450,641,515,706,691,810,0,35,65,0,45,135,720
Gen-2
1,17,691,720,706,720,1293,641,485,720,835,1345,576,580,485,65,666,841,515
2,9,730,805,10,485,615,100,896,666,195
3,4,576,721,485,720
Gen-3
1,2,835,1345
2,8,810,805,615,520,666,721,1293,720
3,4,576,720,485,720
4,12,1293,721,841,815,65,195,731,721,290,771,515,1295
5,3,721,720,645
Gen-4
1,3,835,835,675
2,7,810,805,721,1293,720,801,896
3,3,576,485,720
4,9,1293,841,815,771,1295,4096,1839,770,896
5,9,721,1305,1345,720,645,720,720,651,720
Gen-5
1,5,835,835,675,840,840
2,6,810,805,1293,801,896,841
3,5,576,485,680,721,706
4,10,1293,1295,4096,1839,896,741,720,721,0,1824
5,7,721,720,1345,720,720,545,545
Gen-6
1,5,835,835,675,840,840
2,6,810,805,1293,896,841,841
3,5,576,485,720,1834,706
4,8,1293,1295,4096,1839,1824,3291,770,355
5,5,721,720,1345,720,720
Gen-7
1,5,835,835,675,355,840
2,5,810,1293,896,841,841
3,5,576,485,720,721,706
4,10,1295,1521,4096,1839,1824,3291,744,515,55,831
5,5,721,720,1345,720,720
Gen-8
1,5,835,835,675,840,840
2,5,810,1293,896,841,841
3,5,576,485,720,1531,706
4,10,4096,725,3904,841,290,805,896,3895,1824,4517
5,5,721,720,1345,720,720
Gen-9
1,5,836,835,715,841,840
2,5,691,1293,896,841,841
3,5,450,485,720,896,676
4,11,721,3904,721,806,841,721,721,1295,3895,1824,4096
5,5,790,720,841,720,720
Gen-10
1,5,836,835,715,841,840
2,5,691,1293,896,841,841
3,5,450,485,720,1305,676
4,11,4096,3904,1295,580,721,0,65,840,841,3895,1824
5,5,790,720,841,720,720
Gen-11
1,6,836,841,835,715,841,840
2,6,691,621,1293,896,841,841
3,5,450,485,720,851,676
4,9,4096,3904,1295,841,696,841,515,3895,1824
5,5,790,720,841,720,720
Gen-12
1,5,836,841,835,841,840
2,5,691,1293,896,841,841
3,5,450,485,720,515,676
4,12,4096,3904,1295,1281,376,841,801,841,1344,841,3895,1824
5,5,790,720,841,720,720
Gen-13
1,5,836,841,835,841,840
2,5,691,1293,896,841,841
3,5,450,485,851,810,676
4,11,4096,3904,1344,806,260,0,721,1524,806,3895,1824
5,5,790,720,841,720,720
Gen-14
1,6,836,841,720,835,841,840
2,6,691,1293,1293,896,841,841
3,5,450,485,811,810,676
4,9,4096,3904,1524,1835,841,841,840,3895,1824
5,5,790,720,841,720,720
Gen-15
1,5,836,841,835,841,840
2,5,896,1293,1293,841,841
3,5,450,485,850,810,676
4,12,4096,3904,1835,130,260,70,841,815,841,1265,3895,1824
5,5,790,720,841,720,720
Gen-16
1,5,836,841,835,841,840
2,5,896,1293,1293,841,841
3,5,450,485,1275,810,676
4,10,4096,3904,1835,720,706,790,725,1528,3895,1824
5,5,790,720,841,720,720
Gen-17
1,5,836,841,835,841,840
2,5,896,1293,1293,841,841
3,5,450,485,1533,810,676
4,11,4096,3904,1835,0,230,1515,495,420,3264,3895,1824
5,5,790,720,841,720,720
Gen-18
1,5,836,841,835,841,840
2,6,896,1293,840,1293,841,841
3,5,450,485,720,810,676
4,10,4096,3904,1835,3264,816,816,841,55,1504,3895
5,5,790,720,3264,720,720
Gen-19
2,6,896,1293,720,1293,841,841
3,6,450,840,485,720,1504,676
4,12,4096,3904,1835,3264,1524,4096,1048,4096,841,3712,841,3895
5,7,790,720,841,721,581,720,720
Gen-20
2,5,896,1293,1293,841,841
3,5,810,840,485,720,676
4,15,4096,3904,4096,4096,840,841,841,260,841,0,481,840,841,706,3895
5,6,790,720,851,721,706,720
Gen-21
2,6,896,1293,1293,1293,841,841
3,5,810,711,485,720,676
4,14,4096,3904,4096,4096,4096,2997,721,295,896,841,3895,4078,841,896
5,5,790,720,841,721,720
Gen-22
2,7,896,1293,1293,1293,841,1293,841
4,18,4096,4096,4096,4096,4078,896,841,60,841,791,896,485,896,841,841,840,841,3520
5,5,790,720,896,721,720
Gen-23
2,8,896,1293,1293,1293,1293,846,1834,721
4,16,4096,841,4096,4096,4096,4078,841,1295,721,928,485,841,4096,841,96,896
5,6,790,720,3520,721,720,641
Gen-24
2,7,1293,785,938,1293,1293,1293,851
4,16,4096,696,841,841,841,55,722,130,841,869,235,3520,4096,4096,4096,4096
5,7,790,777,841,720,841,721,720
Gen-25
2,8,1293,938,1835,840,720,1293,1293,1293
4,16,4096,773,841,841,896,1293,55,390,4096,831,841,841,4096,4096,4096,4096
5,6,790,777,3520,706,841,721
Gen-26
2,7,1293,851,896,835,1293,1293,1293
4,16,4096,4096,896,0,841,290,831,4063,55,875,706,2501,481,4096,4096,4096
5,7,790,777,841,696,721,841,721
Gen-27
2,8,1293,896,1549,896,721,1293,1293,1293
4,16,4096,4096,840,896,841,721,96,0,896,721,4320,841,706,4096,4096,4096
5,6,790,777,486,721,645,841
Gen-28
2,9,1293,1549,1829,1293,841,721,1293,1293,1293
4,16,4096,4096,4320,3904,896,0,841,1261,70,4096,841,4096,641,225,481,896
5,5,790,777,721,645,706
Gen-29
2,10,1293,1549,1829,1293,721,4096,721,720,1293,1293
4,15,4096,4096,4320,4096,4096,205,841,1404,721,841,0,581,721,481,894
5,6,896,777,721,645,841,305
Gen-30
2,11,1293,1549,1829,1293,4096,721,721,721,671,721,4096
4,14,4096,4096,4320,4096,4096,870,100,0,896,35,841,841,1409,3890
5,5,896,777,721,645,841
Gen-31
2,10,1293,1549,1829,4096,4096,878,720,1903,840,720
4,15,4096,4096,4320,4096,4096,3211,1514,260,786,225,165,641,2955,925,1409
5,6,3895,777,721,645,841,1824
Gen-32
2,9,1549,1839,1829,4096,4096,1903,841,784,831
4,14,4096,4096,481,195,801,896,130,570,841,1839,4096,4320,4096,4096
5,7,1419,777,721,841,1824,841,721
Gen-33
2,10,4096,1839,260,4096,4096,610,721,1829,4096,1903
4,13,4096,4096,505,896,1879,195,771,841,841,840,4096,4320,4096
5,6,790,777,666,841,1849,841
Gen-34
2,12,4096,4096,4096,720,1293,345,1291,836,841,896,4096,1903
4,12,4096,4096,841,896,840,4096,795,841,0,0,4320,4096
5,5,790,777,841,850,841
Gen-35
2,13,4096,4096,4096,841,841,721,841,841,721,4096,841,4096,1903
4,13,4096,4096,4096,800,841,721,721,841,225,581,721,4320,4096
5,5,790,777,841,896,841
Gen-36
2,14,4096,4096,4096,4096,841,841,841,721,841,721,840,841,841,4096
4,12,4096,4096,4096,721,841,831,1409,740,841,841,4320,4096
5,5,790,777,841,726,841
Gen-37
2,12,4096,4096,4096,4096,1286,5102,721,721,4096,665,721,4096
4,13,4096,4096,4096,4320,4096,130,1824,55,225,810,831,841,896
5,5,790,777,851,1824,841
Gen-38
2,13,4096,4096,4096,4096,5102,896,721,784,841,841,720,1293,720
4,12,4096,4096,4096,4320,4096,816,96,841,4073,225,790,0
5,6,790,777,841,721,896,841
Gen-39
2,12,4096,4096,4096,4096,5102,230,721,665,841,721,841,841
4,13,4096,4096,4096,4320,4096,55,841,481,130,100,1293,721,100
5,5,790,777,841,725,841
Gen-40
2,13,4096,4096,841,721,4096,4096,4096,5102,841,841,721,891,721
4,12,4096,4096,4096,4320,4096,896,696,665,1241,1409,90,896
5,5,790,777,105,1824,841
Gen-41
2,13,4096,4096,896,4096,4096,841,769,721,841,721,665,841,5102
4,12,4096,4096,841,1550,1490,841,811,811,831,4096,4320,4096
5,5,790,777,841,726,841
Gen-42
2,13,4096,4096,4096,4096,896,3053,841,841,896,671,1548,1420,5102
4,13,4096,4096,55,4096,0,1825,225,841,385,1510,165,4320,4096
5,5,790,777,851,1824,841
Gen-43
2,13,4096,4096,4096,4096,841,4128,260,671,841,4096,665,1421,5102
4,11,4096,4096,4096,196,260,840,841,721,841,4320,4096
5,6,790,777,841,841,170,841
Gen-44
2,14,4096,4096,4096,4128,841,720,721,721,836,721,4128,721,841,5102
4,12,4096,4096,4096,0,1899,840,841,841,3489,130,4320,4096
5,5,790,777,1431,841,841
Gen-45
2,12,4096,4096,4128,4128,4128,720,841,841,5102,783,721,841
4,12,4096,4096,4096,4320,4096,896,0,786,816,5097,896,896
5,6,790,777,851,841,720,841
Gen-46
2,13,4096,4128,4128,4128,5102,721,840,896,4096,896,4128,721,721
4,13,4096,4096,4096,4320,5097,65,841,896,1834,170,840,884,721
5,5,790,777,896,841,841
Gen-47
2,16,5102,4128,4128,4128,4128,720,841,841,2464,721,1548,2963,721,1293,841,840
4,14,4096,4096,4096,4320,731,55,485,841,4096,55,1293,1293,790,896
Gen-48
2,17,5102,721,841,2720,896,1835,2336,721,720,4128,4128,4128,4128,836,721,840,841
4,13,4096,4096,4096,850,4096,696,741,721,840,696,896,55,720
Gen-49
2,16,5102,1838,721,1293,721,841,841,840,0,841,721,0,4128,4128,4128,4128
4,14,730,4096,841,721,841,836,205,841,260,3895,841,4096,4096,896
Gen-50
2,15,5102,721,721,841,840,4128,840,721,721,721,0,546,4128,4128,4128
4,15,4096,5,3181,841,841,841,720,841,831,841,896,841,195,4096,896
Gen-51
2,16,5102,4128,721,841,841,841,4096,4128,896,721,1098,4128,841,721,841,4128
4,14,546,3181,896,785,1409,841,696,841,811,840,4096,1400,4096,896
Gen-52
2,17,5102,4128,4128,4128,891,721,784,1894,721,1894,721,665,696,841,2336,721,4128
4,13,3895,1409,851,1400,1486,1165,831,1454,811,841,831,816,4096
Gen-53
2,18,5102,4128,4128,4128,4128,841,720,840,841,1824,721,841,0,721,2740,840,721,1548
4,12,3181,1409,1486,1454,235,130,290,840,260,930,1839,731
Gen-54
2,20,721,721,721,720,721,840,721,721,721,2592,721,721,841,5,896,721,721,721,1835,4128
4,10,3251,841,0,420,696,0,1520,290,859,691
Gen-55
2,18,1835,2592,841,665,840,2592,896,841,840,896,721,1809,721,896,721,721,641,4128
4,12,731,841,794,3712,696,290,340,801,260,420,1520,859
Gen-56
2,19,1835,2592,2592,1809,840,840,896,841,896,840,720,841,720,840,721,0,2592,720,4128
4,6,841,641,801,1409,0,811
6,5,420,841,831,1520,859
Gen-57
2,20,1835,2592,2592,2592,665,841,4096,0,4096,720,721,721,1293,1293,721,791,1550,896,841,4128
6,10,421,841,831,840,1546,1374,0,290,730,721
Gen-58
2,21,2592,2592,4096,4096,5237,1293,1838,896,4096,841,841,1548,3520,841,4096,5103,878,840,2720,80,4128
6,9,831,841,840,851,1374,0,896,420,0
Gen-59
2,22,5103,4096,4096,5237,841,840,1271,721,721,2336,841,1103,721,4128,841,4096,0,4096,840,1834,1293,646
6,8,841,840,1546,80,896,0,420,421
Gen-60
2,23,5103,4096,4096,5237,4128,721,1834,1336,840,65,686,665,721,4096,840,721,3048,1839,896,721,841,840,896
6,7,841,840,656,896,421,841,0
Gen-61
2,22,5103,721,1358,4096,4096,721,576,496,840,4096,896,671,840,841,4096,4096,5237,4128,735,1293,841,515
6,8,841,840,1546,896,841,80,896,195
Gen-62
2,23,5103,4096,4096,721,720,841,841,721,841,896,840,721,4096,709,3076,721,721,841,841,721,841,5237,4128
6,7,841,896,841,851,896,841,896
Gen-63
2,8,5103,4096,4096,840,4096,896,721,1336
6,6,841,851,260,1546,896,896
7,16,841,665,720,376,784,721,896,4096,841,720,896,4096,2336,896,5237,4128
Gen-64
2,9,5103,1336,3904,841,1293,784,2740,840,1568
6,5,841,896,896,896,896
7,16,4096,4096,4096,4096,4096,2336,721,841,720,841,450,670,840,4096,5237,4128
Gen-65
2,10,5103,1336,3904,2720,1568,896,5103,840,896,839
6,5,841,1568,1546,896,896
7,15,4096,4096,4096,5237,841,3033,545,2464,4096,840,1293,721,721,0,4128
Gen-66
2,11,5103,3904,2740,1568,5103,896,1838,3138,4263,646,896
6,6,841,0,1546,896,5,896
7,14,4096,4096,4096,5237,841,841,721,4128,721,4096,841,841,2336,841
Gen-67
2,13,5103,3904,5103,3138,4263,0,841,1764,2720,0,840,1293,4096
6,5,841,851,896,5,896
7,13,4096,4096,4096,5237,4128,896,841,720,130,841,721,721,841
Gen-68
2,14,5103,841,840,840,3904,5103,4263,841,4096,721,4320,896,896,2963
6,5,841,1546,4096,5,896
7,12,4096,4096,4096,5237,4128,841,840,720,706,783,721,2963
Gen-69
2,13,5103,1899,2336,1551,896,721,4096,896,721,5103,4263,4096,4320
6,6,841,830,1546,850,5,896
7,11,4096,4096,720,1548,1293,721,721,720,4096,5237,4128
Gen-70
2,14,5103,4096,3033,696,896,721,841,4096,4096,546,841,5103,4263,4320
6,5,841,830,731,896,896
7,12,4096,4096,841,841,3520,420,841,721,841,4096,5237,4128
Gen-71
2,14,5103,4096,4096,841,896,841,840,840,781,1293,701,5103,4263,4320
6,5,841,830,1546,851,896
7,12,4096,4096,2963,4096,841,841,545,2983,721,841,5237,4128
Gen-72
2,13,5103,4096,4096,840,1829,581,0,581,581,716,5103,4263,4320
6,5,841,830,711,896,896
7,13,4096,4096,4096,841,721,1568,841,841,0,5237,0,721,4128
Gen-73
2,14,5103,4096,5103,841,841,721,4096,741,840,840,709,0,4263,4320
6,5,841,830,1546,731,896
7,12,4096,4096,4096,5237,665,4096,4096,896,896,720,721,4128
Gen-74
2,13,5103,4096,5103,840,1293,676,896,721,4263,896,840,0,4320
6,5,841,830,0,896,896
7,13,4096,4096,4096,5237,840,0,4128,1293,721,5103,841,721,4096
Gen-75
2,12,5103,4096,5103,4263,4096,896,840,721,896,841,1838,4320
6,5,841,830,1546,4096,896
7,14,4096,4096,5237,4128,5103,721,841,841,720,4096,840,841,841,721
Gen-76
2,13,5103,635,2487,4096,5103,4263,1293,721,840,4320,841,896,1524
6,6,841,830,1546,731,260,896
7,12,4096,4096,5237,4128,5103,896,721,0,721,721,4096,841
Gen-77
2,12,5103,2963,841,4096,2963,2622,720,3904,4096,5103,4263,4320
6,5,841,830,2497,896,896
7,13,4096,4096,1550,721,721,720,0,0,721,1420,5237,4128,5103
Gen-78
2,14,5103,4096,4096,3273,840,840,1336,4096,896,896,896,5103,4263,4320
6,6,841,830,0,1425,896,896
7,11,4096,4096,841,0,841,840,841,720,5237,4128,5103
Gen-79
2,14,5103,4096,791,841,516,4096,1293,1293,4096,4096,1293,5103,4263,4320
6,5,841,830,896,896,896
7,11,4096,4096,840,841,840,696,721,671,5237,4128,5103
Gen-80
2,14,5103,4096,841,896,840,1293,841,841,481,1809,5103,5103,4263,4320
6,5,841,830,1303,896,896
7,11,4096,4096,840,841,720,3033,721,721,5237,4128,5103
Gen-81
2,14,5103,5103,721,721,4096,841,721,5103,841,840,5103,1504,4263,4320
6,5,841,830,5108,896,896
7,11,4096,4096,5237,720,896,1293,841,841,840,4128,5103
Gen-82
2,13,5103,5103,5103,5103,720,100,2963,1293,841,721,721,840,4320
6,6,841,830,850,896,5,896
7,12,4096,4096,5237,841,4096,721,841,896,840,720,4128,5103
Gen-83
2,12,5103,5103,5103,5103,841,884,720,1829,4320,841,35,4320
6,5,841,830,1546,850,896
7,13,4096,4096,5237,4128,5103,721,4512,2592,1293,0,896,841,721
Gen-84
2,13,5103,5103,5103,5103,840,4320,840,896,720,1293,841,4096,0
6,5,841,830,731,896,896
7,12,4096,5237,4128,5103,4512,4096,1293,841,721,721,896,721
Gen-85
2,12,5103,4096,841,840,5103,5103,5103,4320,1271,840,516,640
6,5,841,830,1546,850,896
7,13,4096,841,841,810,840,2740,841,841,4096,5237,4128,5103,4512
Gen-86
2,12,5103,721,840,515,841,131,1548,4096,5103,5103,5103,4320
6,5,841,830,4096,896,896
7,13,4096,641,696,841,841,841,840,840,841,5237,4128,5103,4512
Gen-87
2,13,5103,841,840,720,4273,3520,4096,720,5881,5103,5103,5103,4320
6,6,841,830,1515,4096,896,896
7,12,4096,481,0,840,896,720,721,721,5237,4128,5103,4512
Gen-88
2,13,4096,5881,848,841,841,896,1399,841,841,841,2963,5103,2963
6,7,4512,1511,5891,0,896,770,850
7,10,1293,841,4512,841,896,841,4096,4128,4096,4512
Gen-89
2,11,4096,5881,783,841,519,840,896,840,2963,5103,2963
6,8,4512,1511,846,896,841,0,65,850
7,11,4096,4512,720,721,815,721,841,896,4128,4096,4512
Gen-90
2,12,4096,5881,2963,5103,2963,841,791,896,841,841,356,898
6,7,896,1511,805,896,841,0,850
7,12,4096,4512,841,841,420,841,896,841,5,4128,4096,4512
Gen-91
2,12,4096,5881,2963,5103,2963,840,704,721,4096,896,841,841
6,6,4512,10,896,841,896,850
7,11,4096,4512,841,841,704,720,4128,720,4096,1550,4512
Gen-92
2,11,4096,5881,2963,5103,4096,4885,841,841,0,896,340
6,7,851,896,841,896,0,825,850
7,12,4096,4512,4128,4096,4512,840,4096,1889,841,841,721,3063
Gen-93
2,12,4096,841,5881,5103,4096,4885,1293,720,841,4096,811,840
6,6,4512,340,841,896,1341,850
7,13,4096,1551,1293,896,896,720,721,4512,4128,4096,4512,4096,720
Gen-94
2,13,4096,841,691,65,840,676,721,841,0,5881,5103,4096,3018
6,5,731,841,896,1341,850
7,12,4096,721,720,721,841,720,1550,4096,4512,4128,4096,4512
Gen-95
2,12,4096,841,791,616,3526,841,721,783,5881,5103,4096,4885
6,6,4512,3520,841,896,0,850
7,13,4096,4096,720,35,791,545,0,721,1900,840,4512,4128,4512
Gen-96
2,13,4096,5881,896,841,841,1293,841,4096,896,1839,5103,4096,3205
6,7,850,3035,816,0,841,896,850
7,11,4096,4096,4096,720,0,841,676,581,4512,4128,4512
Gen-97
2,12,4096,5881,4096,896,840,5103,840,3520,841,841,4320,4096
6,6,4512,1849,450,841,896,850
7,12,4096,4096,4512,841,721,721,841,5,165,0,4128,4512
Gen-98
2,13,4096,5881,4096,5103,4320,841,671,1293,896,721,5103,721,4096
6,7,4320,3520,841,0,841,896,850
7,11,4096,4096,4512,720,451,4608,616,645,641,4128,4512
Gen-99
2,12,4096,5881,5103,4320,5103,721,841,841,496,841,720,426
6,6,4096,3520,841,55,896,850
7,12,4096,4512,4608,616,720,0,0,1293,1293,721,4128,4512
Gen-100
2,11,4096,5881,5103,4320,5103,0,1293,896,4096,841,641
6,7,426,3520,841,896,1694,811,850
7,11,4096,4512,4608,4128,841,4512,841,811,720,706,721
