Gen-0
1,30,1861,10,0,0,10,0,0,0,2789,2969,0,1861,0,0,0,130,0,0,0,0,0,100,165,165,2206,1986,10,0,2974,0
Gen-1
1,25,0,2789,2969,2206,1986,5,1253,2976,2884,0,2208,2819,100,0,0,2976,100,1413,2974,2021,0,0,1871,1263,1986
2,2,10,2949
3,3,2920,2979,2131
Gen-2
1,19,2969,1991,2884,2976,2974,2979,2131,2976,2976,100,2976,0,2884,1826,2116,2208,0,3499,2974
2,5,10,2949,10,10,165
3,6,2920,2849,2974,0,2949,0
Gen-3
1,13,2976,2976,2976,3499,2976,6112,3489,2976,2976,2754,2208,2964,1632
2,5,10,0,10,10,165
3,12,2920,2979,2849,2974,0,2949,2919,2974,5035,10,145,2819
Gen-4
1,7,2976,2976,3499,6112,3489,2201,2201
2,5,10,2949,10,10,1632
3,12,2949,2979,2974,2974,5035,2974,2849,2976,2976,2969,2950,2949
4,7,1440,6085,2400,2208,3444,3374,2400
Gen-5
1,2,2976,2976
2,5,10,2400,10,10,165
3,10,2979,2974,5035,2976,2976,2979,2949,2976,2920,2944
4,14,6112,3499,3489,6085,2400,3444,3374,2400,1891,2974,2969,1403,0,1630
Gen-6
1,6,2976,2976,2976,130,2976,2976
2,5,10,1630,10,10,165
3,8,2979,2976,2400,2979,5035,2976,2976,2979
4,11,6112,3499,3489,6085,3444,0,2181,5337,6112,0,1418
Gen-7
1,7,2976,2920,2884,2976,2976,2976,2976
2,5,10,2984,10,10,165
3,9,2979,2976,2979,2789,55,2920,2979,5035,2979
4,10,6112,5911,5616,6112,1440,4364,3499,6085,5337,6112
Gen-8
1,7,2976,0,2969,2976,2976,2976,2976
2,5,10,4369,10,10,165
3,7,2979,2979,2979,2969,2789,5035,2979
4,11,6112,5911,6112,2206,6112,3499,6489,6112,6112,6085,6112
Gen-9
1,6,2976,2969,2976,2976,2976,2976
2,5,10,6112,10,10,165
3,8,2979,2979,2979,0,2949,2976,5035,2979
4,12,6112,6112,6112,6489,6112,5120,5920,6112,28728,2171,6112,0
Gen-10
1,7,2976,2819,2976,2976,2976,2976,2976
2,5,10,0,10,10,165
3,7,2979,2979,2979,2979,2949,5035,2979
4,12,6112,6112,6112,6489,28728,6112,2176,7111,130,4037,1943,10
Gen-11
1,7,2976,2976,2976,2976,2976,2976,2976
2,5,10,2949,10,10,10
3,7,2979,2979,2979,2979,2954,2949,5035
4,11,6112,6112,6489,28728,7111,5663,14901,6112,2400,1440,1440
Gen-12
1,6,2976,2976,2976,2976,2976,2884
2,5,10,1440,10,10,165
3,6,2979,2979,2979,2979,3499,5035
4,14,6112,6489,28728,7111,14901,0,1440,6112,10,1413,6112,0,6304,23352
Gen-13
1,6,2976,2976,2976,2976,2976,2976
2,5,10,23352,10,10,165
3,6,2979,2979,2979,3499,2976,5035
4,7,6489,28728,7111,14901,23352,2400,1440
5,6,2969,2976,2371,0,2207,6304
Gen-14
1,5,2976,2976,2976,2976,2976
2,5,10,2949,10,10,165
3,5,2979,2979,2979,3499,5035
4,2,6489,7111
5,13,2969,28728,14901,23352,2976,2371,2207,6304,145,1440,29296,6112,2884
6,1,0
Gen-15
1,5,2976,2976,2976,2976,2976
2,5,10,2949,10,10,165
3,5,2979,2979,2979,3499,5035
4,2,6489,1841
5,13,23352,28728,7111,14901,6304,29296,55,19240,3168,2671,2976,6304,5344
6,5,2889,0,0,0,0
Gen-16
1,5,2976,2976,2976,2976,2976
2,5,10,2949,10,10,165
3,5,2979,2979,2979,3499,5035
4,5,6489,1841,1308,1938,2789
5,11,23352,28728,14901,29296,19240,1600,2919,6880,2400,2976,6112
6,5,5344,0,0,0,0
Gen-17
1,5,2976,2976,2976,2976,2976
2,5,10,6112,10,10,165
3,5,2979,2979,2979,3499,5035
4,5,6489,1841,1308,1938,2789
5,10,23352,28728,14901,29296,19240,1603,1440,5536,1318,6546
6,5,0,0,0,0,0
Gen-18
1,5,2976,2976,2976,2976,2976
2,5,10,2949,10,10,165
3,5,2979,2979,2979,3499,5035
4,5,6489,1841,1308,1938,2789
5,10,23352,28728,14901,29296,19240,6112,1440,2201,1826,0
6,5,6546,0,0,0,0
Gen-19
1,5,2976,2976,2976,2976,2976
2,5,10,0,10,10,165
3,5,2979,2979,2979,3499,5035
4,5,6489,1841,1308,1938,2789
5,10,23352,28728,14901,29296,19240,4895,1632,7906,2386,1632
6,5,0,0,0,0,0
Gen-20
2,5,10,2949,10,10,165
3,5,2979,2979,2979,3499,5035
4,5,6489,1841,1308,1938,2789
5,12,23352,28728,14901,29296,19240,2056,2208,6112,5410,6112,2884,3168
6,5,1632,0,0,0,0
Gen-21
2,5,10,2949,10,10,165
3,5,2979,2979,2979,3499,5035
4,5,6489,1841,1308,1938,2789
5,12,23352,2969,2208,1440,6304,2969,28728,14901,29296,19240,2186,7488
6,5,3168,0,0,0,0
Gen-22
2,5,10,2974,10,10,165
3,5,2979,2979,2979,3499,5035
4,5,6489,1841,1308,1938,2789
5,12,23352,5670,2208,6304,5920,3044,2854,155,28728,14901,29296,19240
6,5,0,0,0,0,0
Gen-23
2,5,10,2949,10,10,165
3,5,2979,2979,2979,3499,5035
4,5,6489,1841,1308,1938,2789
5,12,23352,3709,1413,8397,145,2276,10,150,28728,14901,29296,19240
6,5,155,0,0,0,0
Gen-24
2,5,10,2949,10,10,165
3,5,2979,2979,2979,3499,5035
4,5,6489,1841,1308,1938,2789
5,12,23352,6304,2976,6523,1338,6112,5920,0,28728,14901,29296,19240
6,5,150,0,0,0,0
Gen-25
2,5,10,2949,10,10,165
3,5,2979,2979,2979,3499,5035
4,5,6489,1841,1308,1938,2789
5,12,23352,835,6112,2969,6112,6112,28728,2081,6304,14901,29296,19240
6,5,0,0,0,0,0
Gen-26
2,5,10,2949,10,10,165
3,5,2979,2979,2979,3499,5035
4,5,6489,1841,1308,1938,2789
5,13,23352,28728,3429,540,0,6304,2969,6075,5536,5767,14901,29296,19240
6,5,6304,0,0,0,0
Gen-27
2,5,10,5772,10,10,165
3,5,2979,2979,2979,3499,5035
4,5,6489,1841,1308,1938,2789
5,12,23352,28728,13868,0,6856,1273,3168,6112,6112,14901,29296,19240
6,5,0,0,0,0,0
Gen-28
2,5,10,2949,10,10,165
3,5,2979,2979,2979,3499,5035
4,5,6489,1841,1308,1938,2789
5,12,23352,28728,2976,0,2976,14901,0,10560,2969,6112,29296,19240
6,5,6112,0,0,0,0
Gen-29
3,6,2979,2979,2979,5035,3499,5035
5,18,23352,28728,14901,1413,1440,2208,2400,1623,1440,0,0,6112,0,6112,6112,2208,29296,19240
6,5,6112,0,0,0,0
Gen-30
3,7,2979,2979,5035,3499,3167,2969,5035
5,18,23352,28728,14901,3439,0,2208,0,1440,2371,1378,29296,0,2176,6304,19240,2061,28528,13115
6,5,2208,0,0,0,0
Gen-31
3,7,2979,5035,3499,3167,5035,2944,6112
5,18,23352,28728,29296,28528,19240,0,6112,1440,0,55,6080,6112,6112,2208,1632,70,9572,55
6,5,13120,0,0,0,0
Gen-32
3,8,5035,5035,3499,3167,6112,7650,5035,0
5,17,23352,28728,29296,28528,19240,8349,2066,6112,2196,6112,2081,2849,0,2976,2176,3168,7298
6,5,55,0,0,0,0
Gen-33
3,8,5035,5035,6112,7650,5035,6112,6418,2949
5,17,23352,0,28728,29296,28528,19240,672,55,17244,14532,6880,1348,2976,2208,0,0,1440
6,5,7303,0,0,0,0
Gen-34
3,8,5035,0,3194,2884,6112,7650,6112,6418
5,17,23352,6112,2969,15,2804,2208,6656,2849,10,2061,7323,0,8256,28728,29296,28528,19240
6,5,0,0,0,0,0
Gen-35
3,8,5035,5035,6688,4262,6112,7650,6112,6418
5,17,23352,2976,2176,1433,1508,2208,0,6100,2849,5767,30432,0,8256,28728,29296,28528,19240
6,5,8256,0,0,0,0
Gen-36
3,8,6112,6688,3168,7187,7648,7650,6112,6418
5,17,23352,30432,28728,6112,2849,2081,0,1440,0,6112,2849,1378,9160,5344,7549,29296,28528
6,5,8256,0,0,0,0
Gen-37
3,8,7650,6688,7648,7187,6112,100,1608,6418
5,17,23352,30432,28728,2789,6110,2081,150,8324,1538,1440,6880,1348,2859,185,0,29296,28528
6,5,7549,0,0,0,0
Gen-38
3,8,7650,6688,7648,7187,2976,2976,4384,6418
5,17,23352,30432,28728,2976,3168,120,1440,6304,1413,0,0,19538,4384,6112,0,29296,28328
6,5,0,0,0,0,0
Gen-39
3,8,7650,6688,7648,7187,2754,6112,6073,6418
5,17,23352,30432,28728,29296,10690,28528,100,1393,0,190,130,2081,4242,0,2051,1308,6880
6,5,0,0,0,0,0
Gen-40
3,9,7650,6688,7648,7187,2731,1440,1440,2976,6418
5,16,23352,30432,28728,29296,28528,135,2398,4377,6410,0,1348,2276,1623,8677,0,65
6,5,6880,0,0,0,0
Gen-41
3,8,7650,6688,7648,7187,2949,7187,3168,6418
5,17,23352,30432,28728,29296,28528,0,6112,0,0,23352,3616,8256,6112,3159,1348,1438,25256
6,5,65,0,0,0,0
Gen-42
3,8,7650,6688,7648,7187,7187,6112,2974,6112
5,17,28728,2081,2849,3044,0,6112,2061,2201,2208,30432,29296,28528,25256,150,130,6304,14903
6,5,25256,0,0,0,0
Gen-43
3,9,7650,2884,7648,5920,8416,6688,7648,7187,7187
5,15,28728,2954,2976,6085,3044,1028,1293,0,1438,2976,2834,30432,29296,28528,25256
6,6,2208,2949,0,0,0,0
Gen-44
3,10,7650,7648,8416,6112,5250,1632,5643,5270,7648,7187
5,15,28728,30432,0,175,3374,6112,1398,6686,6688,2208,0,10560,29296,28528,25256
6,5,0,2834,0,0,0
Gen-45
3,9,7650,7648,8416,7648,7187,5280,2976,2206,2176
5,16,28728,30432,6304,2096,5920,1440,1826,1298,0,9160,2116,2276,0,29296,28528,25456
6,5,0,10560,0,0,0
Gen-46
3,9,7650,7648,8416,7648,7187,1440,2976,2994,2914
5,16,28728,30432,1308,25656,8097,1288,0,22584,1433,2116,2201,6304,2081,29296,28528,25256
6,5,0,0,0,0,0
Gen-47
3,8,7650,7648,8416,7648,7187,3168,2976,2849
5,18,28728,30432,25656,11012,3499,6105,4354,3269,1313,6112,6112,29296,2849,28528,2920,2849,1433,140
6,5,2086,2949,0,0,0
Gen-48
3,8,7650,7648,8416,7648,7187,0,6112,5280
5,17,28728,30432,25656,29296,28328,1298,13848,0,2884,1398,0,5410,0,2391,0,8387,1313
6,5,0,140,0,0,0
Gen-49
3,9,7650,7648,8416,7648,7187,6678,0,2208,5280
5,16,28728,30432,25656,29296,28528,0,2081,145,2176,29096,5601,2176,2393,6100,6112,6304
6,5,0,1313,0,0,0
Gen-50
3,9,7650,7648,8416,7648,7187,5280,2944,6105,2919
5,16,28728,2849,30432,29296,28528,29096,2208,2849,2201,7286,2051,6880,1408,6112,2976,2208
6,5,0,6304,0,0,0
Gen-51
3,9,7650,6112,5092,6882,5280,7648,8416,7648,7187
5,16,28728,0,6085,1378,2036,6304,6688,2208,2884,2208,9024,1433,30432,29296,28528,29096
6,5,0,2854,0,0,0
Gen-52
3,9,7650,7648,8416,3168,6112,1633,6112,7648,7187
5,16,28728,5920,130,2976,0,6112,7874,9160,8256,30432,2844,0,1508,29296,28528,29096
6,5,0,1438,0,0,0
Gen-53
3,9,7650,7648,8416,2974,7187,6880,2976,4512,7648
5,16,28728,30432,7619,5643,2146,2849,0,6545,11776,1288,2721,2208,1433,29296,28528,29096
6,5,0,1513,0,0,0
Gen-54
3,9,7650,7648,8416,7648,7187,7648,1632,4512,9184
5,16,28728,30432,2849,1440,0,3044,2400,0,0,0,2829,2884,2081,29296,28528,29096
6,5,0,1433,0,0,0
Gen-55
3,9,7650,7648,8416,7648,9184,5035,5280,2196,6112
5,16,28728,30432,545,0,0,21053,55,5985,0,3168,5344,6112,3044,29296,28528,29096
6,5,0,2081,0,0,0
Gen-56
3,9,7650,7648,8416,7648,9184,3168,5280,5344,6114
5,16,28728,30432,29296,28528,55,1438,1625,6112,2976,23920,2859,11424,10,2849,0,29096
6,5,0,3049,0,0,0
Gen-57
3,9,7650,7648,8416,7648,9184,5035,5152,2211,2979
5,16,28728,30432,29296,28328,2849,2021,6304,6304,5920,0,6112,0,100,10560,0,29096
6,5,0,0,0,0,0
Gen-58
3,11,7650,7648,8416,7648,0,3168,1632,6112,2929,0,5280
5,19,28728,3168,30432,29296,28528,29096,1348,2849,2081,6075,1388,2208,7488,100,0,1632,22584,13394,6112
Gen-59
3,10,7650,5005,1632,2949,7648,6112,7648,6112,6112,1948
5,20,28728,2081,4087,0,0,6290,5344,9928,4192,0,3168,2081,17234,2976,0,0,30432,29296,28528,29096
Gen-60
3,11,0,7648,8416,2181,8416,1632,3074,6688,3168,7648,6112
5,19,28728,2974,0,55,6304,30432,55,2276,6304,2036,1298,1630,2834,5152,2208,3168,29296,28528,29096
Gen-61
3,10,3168,7648,8416,6688,7648,4207,2976,2789,2969,6053
5,20,28728,30432,2341,150,6112,2976,0,2976,1313,4364,1846,2056,0,7973,0,145,0,29296,28528,29096
Gen-62
3,1,6053
5,19,28728,30432,3304,2201,0,33704,0,2944,545,9017,1440,2066,6112,0,0,0,29296,28528,29096
7,10,7648,0,6688,7648,5050,2944,7648,2976,0,2976
Gen-63
3,5,6053,3168,2969,2976,4920
5,17,28728,30432,33704,29296,215,0,2949,2081,6112,3044,1623,2181,1383,2849,1333,2969,29096
7,8,0,6688,7648,5050,7648,2949,2400,6112
Gen-64
3,6,2976,3168,2969,2976,4920,2814
5,17,28728,30432,33704,29296,55,2341,0,2859,2849,1951,1608,29096,10,0,2151,2391,0
7,7,7648,6688,5050,7648,6112,6112,6112
Gen-65
3,5,6053,3168,2969,2976,0
5,17,28728,30432,33704,29296,29096,2849,2834,2151,0,10816,0,20,4608,10,2081,1573,8084
7,8,7648,6688,7648,6112,6112,6880,7456,2976
Gen-66
3,5,8084,3168,2969,2976,4920
5,16,28728,10,2969,3419,3044,2849,10,0,20,4359,6304,6880,30432,33704,29296,29096
7,9,7648,2208,3616,6112,6688,7648,6880,7456,6112
Gen-67
5,19,28728,2884,1508,2824,145,4187,1313,2974,30432,0,2208,1433,6112,145,2081,2116,33704,29296,29096
7,11,6880,8608,2976,2731,2208,2400,2944,6688,7648,6880,7456
Gen-68
5,20,28728,30432,2081,8392,1632,6112,6112,10,6688,150,2208,2949,2400,15,0,6112,55,33704,29296,29096
7,10,7648,2121,6112,5035,6112,2979,2396,7648,6880,7456
Gen-69
5,19,28728,30432,1632,1408,2976,5344,13355,55,33704,1878,5920,1440,0,7456,0,1313,130,29296,29096
7,11,55,6112,2976,1632,2884,3168,0,0,7648,6880,7456
Gen-70
5,21,28728,30432,33704,0,6112,29296,1440,9374,2849,0,1440,6112,6075,5633,0,0,6112,2206,1632,15707,29096
7,5,7456,6112,3168,130,2976
8,4,2976,2976,2191,6880
Gen-71
5,19,28728,30432,33704,29296,21816,0,6112,5633,0,11744,0,2944,2186,8256,2116,29096,2391,3044,2400
7,4,7456,6112,2976,11072
8,7,2976,3168,7648,2976,2191,2976,15717
Gen-72
5,18,28728,10,30432,33704,29296,15924,29096,6112,0,0,2208,9160,2884,2976,1433,2789,100,20
7,6,7456,6112,2976,11072,130,6115
8,6,2976,3168,7648,2976,2979,2400
Gen-73
5,18,28728,2884,180,2849,165,6681,0,2919,110,2849,1508,2819,20,6112,30432,33704,29296,29096
7,7,7456,6112,2976,11072,6115,6112,5277
8,5,2976,3168,15,2976,2979
Gen-74
5,16,28728,1508,1313,1605,2849,2201,0,55,11504,0,2400,1508,30432,33704,29296,29096
7,9,7456,15,9175,1413,6112,6112,11072,6115,6112
8,5,2976,6112,7648,2976,2979
Gen-75
5,16,28728,30432,0,0,2081,0,2954,2181,2116,0,2884,24888,12541,33704,29296,29096
7,8,7456,9175,6112,7456,1445,6112,11072,6115
8,6,2976,3004,3168,1513,2976,2979
Gen-76
5,16,28728,30432,0,8416,2976,0,0,2829,0,2211,2146,6112,120,33704,29296,29096
7,9,7456,9175,7456,2954,6112,4384,5152,11072,6115
8,5,2976,3004,12551,2976,2979
Gen-77
5,16,28728,30432,2386,2116,10,5920,130,33704,1428,2081,2208,2884,1408,24120,29296,29096
7,8,7456,9175,7456,6112,6112,2181,11072,6115
8,6,2976,3004,125,0,2976,2979
Gen-78
5,16,28728,30432,33704,0,29296,2849,4642,0,2186,1438,0,0,2884,0,0,29096
7,9,7456,9175,7456,2208,6112,6112,6112,11072,6115
8,5,2976,24120,3168,2976,2979
Gen-79
5,14,28728,30432,33704,29296,6112,5920,4384,2849,3134,30,10,195,23920,29096
7,8,7456,9175,7456,11755,0,145,0,6115
8,7,2976,3004,3168,2976,100,2854,2979
Gen-80
5,17,28728,30432,33704,29296,1393,0,29096,7840,1328,2051,8256,2899,130,6304,2834,5344,2081
7,7,7456,9175,7456,11755,2884,6112,6115
8,6,2976,3004,23920,2976,195,2979
Gen-81
5,15,28728,2208,2909,2400,2819,30432,33704,29296,29096,5912,5915,2874,2116,1440,2161
7,8,7456,9175,7456,11755,6115,5344,0,2176
8,7,2976,3004,2081,2976,2979,0,0
Gen-82
5,15,28728,15,0,1440,2081,8289,3044,0,11936,6112,2081,30432,33704,29296,29096
7,9,7456,0,2976,6112,6112,9175,7456,11755,6115
8,6,2976,2944,2824,3168,2976,2979
Gen-83
5,17,28728,2976,6112,0,3469,6105,1440,30432,1313,0,10,0,2849,1303,33704,29296,29096
7,8,7456,9175,0,7456,100,7456,11755,6115
8,5,2976,2944,2081,2976,2979
Gen-84
5,16,28728,30432,3044,0,2081,2091,0,145,7293,6112,5376,55,0,33704,29296,29096
7,9,7456,9175,7456,7456,0,0,5663,1438,11755
8,5,2976,2944,3168,2976,1303
Gen-85
5,17,28728,30432,195,11464,2969,2849,0,2116,10,4608,2106,3044,0,0,33704,29296,29096
7,8,7456,9175,7456,7456,0,1593,6112,11755
8,5,2976,2944,0,2976,2979
Gen-86
5,16,28728,30432,33704,55,11748,0,2976,0,2171,1440,0,5920,29296,130,2081,29096
7,9,7456,9175,7456,7456,1440,3074,3684,5663,11755
8,5,2976,2944,3168,2976,0
Gen-87
5,16,28728,30432,33704,29296,0,115,215,2944,55,2116,2031,0,0,2076,0,29096
7,9,7456,9175,7456,7456,3168,6112,5663,0,11755
8,5,2976,2944,2086,2976,2979
Gen-88
5,15,28728,30432,33704,29296,0,0,55,2081,2849,2400,0,1408,29096,0,6100
7,10,7456,9175,7456,7456,11755,0,4576,6112,6112,6112
8,5,2976,2944,3168,2976,0
Gen-89
5,16,28728,6112,0,30432,33704,29296,29096,2371,0,2849,14690,2974,6112,6304,2116,0
7,9,7456,9175,7456,7456,11755,0,6112,4576,0
8,5,2976,2944,6100,2976,2979
Gen-90
5,17,28728,135,2076,2081,8987,1440,1348,0,6304,0,21048,9184,30432,33704,29296,29096,2081
7,8,7456,9175,7456,7456,11755,1445,1600,0
8,5,2976,2944,0,2976,2979
Gen-91
5,17,28728,1313,6112,2849,0,2849,2186,2206,8416,1278,55,6112,21816,30432,33704,29296,29096
7,8,7456,6112,8064,7464,9175,7456,7456,11755
8,5,2976,2944,3168,2976,9184
Gen-92
5,15,28728,30432,10,2081,2976,2974,2081,6304,1253,2208,0,1408,33704,29296,29096
7,9,7456,8064,7464,9175,1440,6112,6112,0,11755
8,6,2976,2944,2849,3168,2976,21816
Gen-93
5,14,28728,30432,0,0,1313,5910,0,1408,2171,2400,1313,33704,29296,29096
7,8,7456,8064,7464,9175,1605,0,6112,11755
8,7,2976,2944,2976,8608,3168,2976,1413
Gen-94
5,20,28728,30432,2814,2081,4324,6304,5920,0,27760,33704,2919,2969,2208,0,0,11440,10,13394,29296,29096
7,10,7456,8064,7464,9175,6112,5152,21524,0,8243,1313
Gen-95
5,19,28728,30432,33704,29296,2976,6112,0,0,6112,21816,1440,3044,2081,8932,145,6112,6681,0,29096
7,11,9175,8064,7464,13404,8243,2096,0,6112,15,6112,6304
Gen-96
5,20,28728,30432,33704,29096,155,6085,2944,2884,20280,1418,5832,29096,0,2076,0,0,545,2976,145,2081
7,10,9175,8064,7464,0,8243,6110,6112,4576,4575,2386
Gen-97
5,19,28728,0,0,2789,1308,2884,6878,1313,30432,33704,29296,29096,0,1348,10,145,1438,2884,10373
7,11,2081,8064,7464,8243,6112,2208,6112,6112,15,15,21048
Gen-98
5,18,28728,1438,55,1348,0,0,1508,1625,0,2884,22584,6573,6688,30432,5,33704,29296,29096
7,12,6112,0,2336,0,6112,0,8064,7464,24856,1440,8243,1313
Gen-99
5,19,28728,30432,1508,215,6112,0,2081,1053,1413,6112,1313,1348,6112,2976,6304,2206,33704,29296,29096
7,11,6112,5,7464,8064,0,1440,6112,10,6528,8703,8243
Gen-100
5,20,28728,30432,1313,0,2849,2116,2949,0,2849,1440,10761,165,2884,11884,2081,5410,33704,215,29296,29096
7,10,8243,8064,7464,6528,2208,6720,2981,11901,6112,0
