Gen-0
1,25,5,5,0,0,0,581,10,0,0,0,0,96,10,0,0,5,0,0,65,0,0,55,130,0,0
2,5,0,5,0,100,385
Gen-1
1,28,0,96,671,0,65,100,55,130,165,485,576,100,101,141,706,165,0,516,55,611,695,75,0,75,260,165,0,55
2,2,0,485
Gen-2
1,8,611,55,5,676,110,100,96,546
2,16,0,671,695,485,515,5,0,685,705,0,5,0,0,96,20,485
3,6,576,355,0,721,580,140
Gen-3
1,9,611,676,110,100,546,671,721,721,666
2,13,695,671,515,685,490,420,616,840,130,705,580,795,545
3,8,576,355,721,580,140,0,576,726
Gen-4
1,9,721,676,671,721,666,721,841,611,721
2,14,695,685,840,705,795,721,165,721,970,721,840,0,720,355
3,8,576,721,580,576,736,101,0,700
Gen-5
1,10,721,576,720,836,721,341,811,721,5,773
2,11,840,795,970,840,721,815,11004,5,815,884,721
3,10,576,721,580,355,721,700,355,818,775,0
Gen-6
1,9,721,836,576,721,811,773,836,2829,773
2,14,840,2829,1534,545,35,960,721,1231,0,970,840,3360,884,841
3,7,721,721,778,721,821,799,100
Gen-7
1,10,836,840,10816,581,841,841,811,773,836,2829
2,13,970,2829,1534,1231,3712,580,20,576,260,875,515,841,3360
3,8,721,816,5,5,721,883,0,799
Gen-8
1,13,2829,840,10816,841,841,641,130,2829,773,841,2313,485,721
2,12,1231,2829,1534,3712,260,3765,704,720,5,841,721,3360
3,6,721,816,391,721,846,799
Gen-9
1,14,2829,10816,841,2829,2313,515,841,5930,721,720,841,841,1216,2829
2,11,3360,2829,1534,3712,3765,690,2109,721,0,841,1300
3,5,721,816,721,731,799
Gen-10
1,14,2829,10816,2829,5930,2829,2061,721,721,131,0,3872,0,3235,720
2,11,3360,2829,3712,3765,2109,798,720,2347,960,4273,4540
3,5,721,2839,721,883,799
Gen-11
1,13,2829,10816,5930,3872,3235,485,335,709,840,3363,841,0,706
2,12,3360,3712,3765,4273,4540,545,896,260,2224,2061,4480,670
3,6,721,730,840,721,883,799
Gen-12
1,13,5930,10816,3872,3235,3363,840,195,841,841,665,8704,721,721
2,12,3712,3765,4273,4540,4480,260,4787,640,2282,0,100,0
3,5,721,816,840,670,799
Gen-13
1,14,5930,10816,3872,3363,8704,773,355,913,3872,840,840,896,1053,196
2,11,4540,3765,4273,4480,4787,5,5,896,5,841,896
3,5,721,816,731,883,799
Gen-14
1,14,5930,840,720,1425,10816,3872,8704,896,3872,900,896,355,896,773
2,11,4540,3765,4273,4480,6592,721,841,678,3635,7621,841
3,5,721,816,840,196,799
Gen-15
1,13,5930,840,165,611,716,546,671,841,720,10816,3872,8704,3872
2,13,4540,4142,605,864,831,704,2751,706,45,4273,4480,6592,7621
3,5,721,816,1425,883,799
Gen-16
1,14,5930,10816,840,282,896,841,2829,721,355,721,898,3872,8704,3872
2,12,4540,706,720,830,345,13120,690,841,4273,4480,4787,7621
3,5,721,816,50,883,799
Gen-17
1,12,5930,10816,10,709,721,841,215,896,60,3872,8704,3872
2,13,4540,7671,3831,3821,836,0,758,841,704,666,4480,6592,7621
3,5,721,816,840,898,799
Gen-18
1,12,5930,10816,721,721,75,5,420,721,840,3872,8704,3872
2,13,4540,13120,0,14101,1505,854,879,371,2784,2872,4480,6592,7621
3,5,721,816,840,666,799
Gen-19
1,11,5930,10816,2789,3872,195,4630,781,840,5,8704,3872
2,15,4540,13120,14101,10039,841,721,836,0,841,360,720,716,606,6592,7621
3,5,721,816,2882,883,799
Gen-20
1,12,5930,10816,3872,4630,721,721,2562,810,576,1774,840,8704
2,14,7621,13120,14101,10039,6592,841,1534,721,720,601,2607,836,841,841
3,5,721,816,606,883,799
Gen-21
1,12,5930,10816,3872,4630,840,8704,841,721,2829,720,130,721
2,14,7621,7671,14101,10039,4787,841,830,2061,709,195,2014,195,849,576
3,5,721,816,840,846,799
Gen-22
1,12,5930,10816,3872,4630,8704,580,721,898,580,721,896,841
2,14,7621,841,7671,14101,10039,4787,721,666,841,841,195,841,676,8503
3,5,721,816,840,576,799
Gen-23
1,12,5930,720,2061,841,840,720,841,8704,10816,3872,4630,8704
2,14,7621,2287,836,195,826,14101,841,841,834,380,13120,14101,10039,8503
3,5,721,816,851,883,799
Gen-24
1,12,5930,8704,10816,840,170,545,0,898,390,841,4630,8704
2,14,7671,14101,606,195,791,686,195,576,196,661,9280,14101,10039,8503
3,5,721,816,840,380,799
Gen-25
1,11,5930,8704,10816,721,131,841,721,841,2920,4630,8704
2,15,14101,14101,9280,841,720,4544,836,841,841,7552,195,2829,960,10039,8503
3,5,721,816,9280,883,799
Gen-26
1,10,5930,8704,10816,840,100,716,773,721,4630,8704
2,14,14101,14101,9280,724,6130,691,8704,841,641,841,506,645,10039,8503
3,6,721,816,896,965,883,799
Gen-27
1,11,5930,8704,10816,830,768,840,4630,721,841,131,8704
2,15,14101,14101,9280,8704,10039,841,4569,731,836,2607,841,721,733,100,641
3,5,883,816,896,650,799
Gen-28
1,12,5930,8704,10816,4630,841,841,896,131,773,3235,130,8704
2,14,14101,14101,9280,8704,10039,451,610,2870,2607,691,841,691,721,690
3,5,883,816,646,840,799
Gen-29
1,12,5930,8704,10816,4630,773,5,8704,716,721,100,720,485
2,14,14101,14101,9280,8704,10039,3231,65,4549,836,666,841,896,721,720
3,5,700,816,896,840,799
Gen-30
1,11,5930,8704,10816,4630,8704,1550,2029,896,100,709,10240
2,15,14101,14101,9280,8704,10039,841,721,721,783,721,836,841,6596,5603,841
3,5,883,816,730,840,799
Gen-31
1,12,5930,720,130,704,835,355,0,913,8704,10816,8704,10240
2,14,14101,841,931,686,14101,841,4480,841,841,896,676,9280,8704,10039
3,5,846,816,896,840,799
Gen-32
1,12,5930,8704,10816,840,5,4395,581,841,2430,1984,8704,10240
2,14,14101,14101,836,4569,6976,260,641,836,581,836,2025,9280,8704,10039
3,5,883,816,686,840,799
Gen-33
1,12,5930,8704,10816,835,2829,1535,773,841,1779,841,8704,10240
2,14,14101,14101,9280,580,685,691,841,450,576,841,450,9472,8704,10039
3,5,2035,816,896,840,799
Gen-34
1,12,5930,8704,10816,841,195,720,0,485,841,131,8704,10240
2,14,14101,14101,9280,8486,260,836,840,196,1819,4624,1251,2526,841,10039
3,5,9472,816,896,840,799
Gen-35
1,11,5930,8704,10816,5,840,2059,721,4103,1043,8704,10240
2,13,14101,14101,9280,8486,10039,165,0,716,724,677,75,836,11797
3,6,846,816,896,385,840,799
Gen-36
1,12,5930,8704,10816,4113,2829,773,896,2061,896,10,8704,10240
2,14,14101,14101,9280,10039,11797,720,676,100,826,210,670,841,836,841
3,5,883,816,11807,840,799
Gen-37
1,11,5930,8704,10816,8704,100,840,2829,2829,0,841,10240
2,13,14101,14101,9280,10039,11797,1268,1993,476,9472,11968,195,55,581
3,6,883,816,851,840,385,799
Gen-38
1,11,5930,8704,10816,8704,10,130,640,841,641,7744,10240
2,14,14101,14101,10039,11797,11968,721,581,8704,723,841,50,721,9472,831
3,5,846,816,896,840,799
Gen-39
1,11,8704,0,10,2829,8704,10816,7552,10240,586,3104,841
2,14,14101,841,195,691,195,1334,831,641,14101,836,4480,10039,11797,11968
3,5,883,816,841,840,799
Gen-40
1,11,8704,8704,10816,2434,773,195,581,581,545,7360,10240
2,14,14101,14101,1251,2829,3645,14101,7738,831,420,841,250,10039,33136,11968
3,5,4480,816,896,840,799
Gen-41
1,10,8704,8704,10816,2829,1549,580,10,130,7744,10240
2,15,14101,14101,14101,836,841,960,2064,3831,195,485,2529,896,841,11797,11968
3,5,250,816,896,840,799
Gen-42
1,12,8704,8704,10816,9448,716,2829,195,516,4591,100,7361,10240
2,14,14101,14101,14101,836,8429,5618,1185,841,954,10422,706,581,11797,11968
3,5,883,816,851,840,799
Gen-43
1,12,8704,8704,10816,9448,716,896,841,2829,2724,130,10240,10240
2,14,14101,14101,14101,831,960,7552,3010,195,581,225,3880,4653,11797,8439
3,5,581,816,896,840,799
Gen-44
1,12,8704,10816,9448,10240,10,841,355,841,545,100,0,10240
2,14,14101,14101,14101,11797,645,868,0,676,1264,2829,841,210,641,8439
3,5,883,816,4663,840,799
Gen-45
1,11,8704,10816,9448,10240,4083,841,545,841,2829,0,10240
2,13,14101,14101,14101,11797,836,841,841,11968,195,580,9444,831,33904
3,5,883,816,646,840,799
Gen-46
1,6,8704,10816,9448,10240,841,773
2,15,14101,14101,14101,8439,8409,2829,836,581,3692,811,675,836,721,641,7360
3,5,33904,816,896,840,799
4,4,1420,355,720,10240
Gen-47
1,3,8704,10816,841
2,10,14101,14101,14101,8439,33904,841,461,596,831,836
3,8,883,385,791,565,816,896,840,799
4,10,1420,9448,10240,355,720,7360,0,96,720,131
Gen-48
1,6,8704,2829,773,773,10816,841
2,11,14101,6576,709,7744,14101,1891,14433,836,14101,11968,33904
3,5,883,816,565,840,799
4,7,1420,2829,131,9448,10240,720,10240
Gen-49
1,6,8704,2829,773,10816,896,841
2,13,14101,14433,14101,0,841,581,14101,686,261,715,0,6400,8409
3,5,836,816,896,840,799
4,7,1420,2829,840,130,9448,10240,10240
Gen-50
1,7,8704,2829,10816,896,716,721,841
2,11,14101,14433,14101,14101,6390,826,195,7936,841,841,8409
3,5,883,816,6400,840,799
4,8,1420,2829,5,836,545,9448,10240,10240
Gen-51
1,6,8704,2829,10816,896,130,841
2,12,14101,14433,14101,14101,260,826,758,55,836,841,796,33904
3,5,883,816,851,840,799
4,7,1420,2829,130,0,9448,10240,10240
Gen-52
1,6,8704,2829,10816,896,841,841
2,12,14101,14433,14101,14101,55,645,6580,641,2829,841,811,8409
3,5,801,816,896,840,799
4,7,1420,2829,9448,10240,225,10240,10240
Gen-53
1,5,8704,2829,10816,841,841
2,10,14101,14433,14101,14101,195,3815,720,33136,836,33904
3,5,883,816,821,840,799
4,10,10240,2829,896,9448,10240,721,2829,841,10240,10240
Gen-54
1,5,8704,2829,10816,841,841
2,12,14101,14433,14101,33136,8512,6400,836,841,1536,721,3957,8409
3,5,836,816,896,840,799
4,8,10240,9448,10240,10240,773,1420,773,10240
Gen-55
1,5,8704,2829,10816,841,841
2,12,14101,14433,14101,33136,8512,756,704,8704,5828,12327,55,721
3,5,883,816,3962,840,799
4,8,10240,9448,10240,10240,816,841,841,10240
Gen-56
1,5,8704,2829,10816,841,841
2,12,14101,14433,14101,33136,7663,831,525,645,641,450,841,831
3,5,883,816,731,840,799
4,8,10240,9448,10240,10240,773,705,7936,10240
Gen-57
1,6,8704,2829,10816,841,841,841
2,10,14101,14433,14101,33136,12327,706,841,965,855,581
3,5,836,816,896,840,799
4,9,10240,9448,10240,10240,815,2749,721,841,10240
Gen-58
1,5,8704,2829,10816,841,841
2,11,14101,14433,14101,33136,12327,90,691,2014,2829,7029,420
3,5,883,816,851,840,799
4,9,10240,9448,10240,10240,841,5,841,841,10240
Gen-59
1,6,8704,2829,10816,841,841,841
2,12,14101,14433,14101,2740,33136,12327,340,65,896,836,841,5632
3,5,420,816,896,840,799
4,8,10240,9448,10240,10240,10240,841,10240,841
Gen-60
1,5,8704,2829,10816,841,841
2,11,14101,65,841,450,768,14350,65,14433,14101,33136,7663
3,5,883,816,2750,840,799
4,10,10240,896,896,1420,2829,10240,10240,10240,10240,1420
Gen-61
1,6,8704,2829,958,10816,841,841
2,11,14101,14350,14433,14101,65,841,696,55,9280,770,33136
3,5,883,816,65,840,799
4,8,10240,7936,130,841,10240,10240,10240,10240
Gen-62
2,17,14101,14350,14433,14101,0,10240,841,4971,720,681,3713,784,721,841,4133,581,33136
4,13,775,841,840,720,2829,2752,715,5,831,10240,10240,10240,10240
Gen-63
2,18,14101,14350,14433,14101,836,721,836,721,31032,841,841,691,582,260,841,951,581,33136
4,12,2829,721,10,840,841,2829,913,130,586,10240,10240,10240
Gen-64
2,19,14101,8123,14433,31032,33136,841,7936,691,20,841,773,841,3981,8487,836,841,0,641,2294
4,11,2829,2829,841,586,1801,2829,33904,5,841,10240,10240
Gen-65
2,17,14101,14433,31032,33136,8487,5056,9472,14401,581,581,836,15181,5,7671,2061,576,9664
4,13,2829,2829,2299,0,841,896,0,5,2421,355,10,10240,10240
Gen-66
2,20,33136,14433,31032,14401,16672,581,2289,4552,435,606,8704,721,836,841,4067,4049,721,841,641,96
4,10,2829,2829,2421,195,545,35,10,841,9664,10240
Gen-67
2,21,33136,841,13308,2597,841,1501,1170,796,0,210,705,2292,1383,14433,31032,16672,15181,10432,100,6976,576
4,9,2829,2829,2421,10240,101,7936,841,885,2829
Gen-68
2,20,33136,14433,100,21280,10212,260,6124,691,365,773,420,721,1819,582,55,10240,841,31032,14401,15181
4,10,2829,5061,841,840,715,7936,2829,1388,7936,2829
Gen-69
2,21,33136,14433,21280,691,606,450,841,726,841,726,2287,27760,1409,691,4702,836,6900,31032,11968,641,16672
4,9,2829,5061,851,2829,4353,841,841,2829,7936
Gen-70
2,22,33136,7641,27760,30832,6900,0,580,581,485,9266,2014,0,841,841,640,10432,841,720,165,355,726,15181
4,8,2829,5061,2829,4353,841,3808,2829,646
Gen-71
2,21,33136,27960,31032,10432,708,721,661,841,720,55,1819,7671,65,6903,841,0,2829,949,505,841,16672
4,9,2829,736,2829,4353,3808,841,1766,2829,896
Gen-72
2,22,33136,27960,31032,10432,15181,841,841,773,2829,6971,691,55,721,841,777,7681,841,661,841,260,773,841
4,8,2829,2829,851,3808,2829,23152,0,4343
Gen-73
2,19,33136,55,2567,7641,721,27960,31032,6900,16672,841,6114,841,676,841,721,2829,841,13120,9472
4,11,2829,2829,3808,851,4343,829,1614,841,3520,11232,1053
Gen-74
2,21,33136,597,720,896,840,2829,65,15882,7329,5664,721,2837,450,17485,9472,450,721,27960,31032,16672,13120
4,3,2829,7936,3808
5,6,7936,586,0,4343,3520,731
Gen-75
2,19,33136,17485,7552,10816,696,607,146,841,768,2019,2554,841,841,9266,545,6027,27960,31032,16672
4,6,2829,7936,841,1539,721,3808
5,5,731,586,4343,3520,11232
Gen-76
2,22,33136,17485,27760,501,2872,841,7671,721,260,31032,4479,0,896,841,3645,620,130,6903,2607,641,581,16672
5,8,7936,586,896,4033,10,4343,3520,6037
Gen-77
2,21,33136,17485,27960,31032,0,721,662,465,27760,645,773,576,100,545,6208,841,841,2602,580,506,16672
5,9,586,4033,841,3837,2829,840,4343,3520,11232
Gen-78
2,20,33136,27760,27960,31032,27760,5440,841,130,690,773,606,841,691,841,896,841,6179,581,721,581
5,10,506,4033,3837,4876,6417,10,581,0,4343,3520
Gen-79
2,21,33136,27760,27960,31032,27760,340,3425,841,55,773,773,841,965,705,841,1393,2607,841,582,490,9472
5,9,3837,4033,4876,586,4343,841,841,841,10
Gen-80
2,22,33136,2744,1549,3075,576,15116,225,721,720,21816,946,841,470,560,27760,27960,31032,27760,841,841,470,576
5,8,3837,4033,9472,4343,841,142,1786,0
Gen-81
2,23,33136,640,2829,75,576,581,17485,6803,741,2829,2607,6027,1255,966,6952,2602,15179,33136,0,8512,27960,31032,27760
5,7,3837,7936,841,4033,560,4343,1786
Gen-82
2,22,33136,33136,896,195,841,586,545,225,9472,27960,773,691,7552,2799,773,9280,31032,260,1814,670,1231,27760
5,8,3837,8512,721,960,10,4033,4343,1786
Gen-83
2,23,33136,33136,27960,31032,451,841,25456,7744,841,841,335,720,773,0,581,841,27760,831,841,7552,12780,721,646
5,7,3837,1241,4033,7936,884,4343,1786
Gen-84
2,22,33136,33136,27760,31032,27760,773,6391,676,841,841,721,165,0,2500,841,705,2302,841,3410,6386,2597,10464
5,8,3837,4033,646,841,2829,1340,4343,1786
Gen-85
2,23,33136,33136,27960,31032,27760,65,841,1344,1809,581,100,195,2604,796,696,581,841,896,3776,581,841,1401,581
5,7,3837,4033,2829,3905,10,10464,1786
Gen-86
2,21,33136,1394,20848,1409,1824,841,33136,27760,31032,27760,7679,2607,75,841,773,8512,692,3645,0,581,28528
5,9,3837,4033,2829,3905,586,721,10,1984,10
Gen-87
2,23,33136,3645,5824,820,841,4590,4480,9280,8676,841,1231,576,1814,345,3055,5632,841,2607,1256,33136,27760,31032,28528
5,7,3837,581,831,851,2829,3121,1984
Gen-88
2,24,33136,581,720,841,2607,691,581,641,581,33136,7671,165,10432,2876,720,8434,580,6967,27760,15182,841,841,31032,28528
5,6,1261,896,4033,2829,2697,1984
Gen-89
2,25,33136,33136,27960,1409,3642,841,9472,1409,606,31032,8896,640,2560,6400,581,9472,3786,3645,3645,2607,773,7552,5632,641,28528
5,5,3837,851,2829,2697,1984
Gen-90
2,24,33136,33136,27760,31032,3375,260,3489,7671,896,581,8512,721,841,9472,773,55,291,0,65,581,4282,345,841,28528
5,6,646,4033,773,2829,3131,1984
Gen-91
2,23,33136,33136,27760,31032,580,768,6903,15884,841,290,836,841,2607,7354,896,773,470,545,195,896,841,8696,28528
5,7,773,851,2829,7936,773,3137,1984
Gen-92
2,24,33136,2947,33136,27760,30832,345,1814,33136,2575,9472,769,0,195,2327,3082,10236,896,691,836,6477,7552,165,691,28528
5,6,4033,2829,8701,3714,841,1984
Gen-93
2,23,33136,581,291,649,836,100,841,450,841,28528,576,720,826,10432,2829,7168,195,841,33136,836,31032,33136,28528
5,7,4033,2829,691,3360,1984,1511,3808
Gen-94
2,24,33136,28528,7918,640,450,1409,721,29496,706,645,450,896,896,835,33136,8429,773,6784,2829,30264,640,1409,31032,33136
5,6,851,10,2829,3905,1984,3808
Gen-95
2,25,33136,33136,30264,581,836,8704,836,10019,6400,17422,6371,576,581,6371,9454,10432,31032,7631,0,15182,721,841,370,7552,33136
5,5,4033,2829,1414,1984,3808
Gen-96
2,24,33136,33136,30064,31032,5608,8704,0,7936,836,836,641,773,581,11232,704,836,2877,896,581,18188,8439,1230,581,33136
5,6,7552,2282,2829,4673,1984,3808
Gen-97
2,23,33136,33136,30064,31032,773,13333,7681,641,7360,4549,5608,15073,721,581,7359,2829,451,706,640,606,470,691,33136
5,7,586,2282,2829,769,721,2697,3808
Gen-98
2,24,33136,33136,30064,31032,773,1251,640,6208,691,581,896,7552,6208,195,33136,836,6208,9664,841,195,6591,11007,641,826
5,5,701,2282,769,3131,773
6,1,2829
Gen-99
2,26,33136,5440,2829,836,13888,666,721,7936,195,581,9472,836,196,581,100,33136,30264,31032,33136,641,706,841,641,450,8512,1409
6,5,831,7932,706,841,2829
Gen-100
2,24,33136,5632,771,17422,450,7936,640,12775,841,721,581,195,195,55,2607,9472,33136,691,345,3170,30264,12780,31032,33136
6,6,2829,2829,105,706,841,2829
