Gen-0
1,28,0,0,100,0,2884,0,1278,0,100,0,0,0,2754,0,0,0,0,25,0,10,0,2884,0,0,2914,2146,0,0
2,2,1841,0
Gen-1
1,18,2146,2884,2754,5,0,0,10,2914,2208,0,2884,2849,0,65,2914,2884,2909,2181
2,12,1841,0,2884,0,0,2849,0,195,0,2974,10,0
Gen-2
1,13,2884,2884,2884,2914,2914,165,2884,2177,2819,2884,2182,2819,2884
2,14,1841,2909,2849,195,5,2919,2944,2819,2849,0,195,2884,2884,2884
3,3,2849,2914,2884
Gen-3
1,10,2884,2884,2914,2909,2884,2950,2914,0,195,2914
2,7,2919,2889,2976,2976,2976,2884,1440
3,13,2849,2884,2914,2884,2914,2884,2949,2976,2884,2914,2884,2884,2914
Gen-4
1,6,2914,2909,2914,2914,2849,2784
2,10,2919,2944,2914,2976,2976,2976,2919,100,2849,2976
3,12,2914,2914,2949,2976,2914,2884,2976,2976,2884,0,2849,2919
4,2,2919,2208
Gen-5
1,9,2914,2914,2914,2976,2849,2976,2976,2976,0
2,5,2976,2976,2976,2976,2976
3,7,2949,2976,2976,2919,2976,2976,2969
4,9,2919,2909,2944,2976,2976,2208,2976,100,2914
5,1,2976
Gen-6
1,2,2914,2976
2,6,2976,2976,2976,2976,2976,1408
3,11,2976,2976,2976,2976,2976,2976,2969,2976,2976,2849,2976
4,4,2919,2976,2976,2976
5,8,2976,2884,2976,2944,5,3459,2976,2976
Gen-7
1,5,2914,2949,2949,2884,2976
2,6,2976,2849,2976,2976,2976,2976
3,9,2976,0,2976,2976,2976,2976,2976,2976,2976
4,4,2919,2976,2976,2976
5,7,2976,2976,6112,1632,2976,2976,2976
Gen-8
1,6,2914,2949,2949,2884,2919,2976
2,7,2976,2976,2976,2976,2976,2976,2976
3,7,2976,2976,2976,2976,2976,2976,2976
4,5,2919,2976,2976,2976,2976
5,6,2976,2976,6112,6112,3459,2976
Gen-9
1,5,2914,2949,2949,2919,6112
2,5,2976,2976,2976,2976,2976
3,5,2976,2976,2976,2976,2976
4,5,2919,2976,2976,2976,2976
5,4,2976,2976,6112,6112
6,8,8256,6112,2208,6112,6112,10212,17174,3459
Gen-10
1,5,2914,2949,2949,2919,2976
2,5,2976,2976,2976,2976,2976
3,5,2976,2976,2976,2976,2976
4,5,2919,17184,2976,2976,2976
5,2,2976,2976
6,12,8256,6112,6112,6112,6112,10212,17174,6112,6112,2116,6112,8992
Gen-11
1,5,2914,2949,2949,2919,8992
2,5,2976,2976,2976,2976,2976
3,5,2976,2976,2976,2976,2976
4,5,2919,2976,2976,2976,2976
5,5,2976,2976,2976,2920,2976
6,10,8256,6112,10212,17174,8992,2400,6112,2081,6112,6112
Gen-12
1,5,2914,2949,2949,2919,2976
2,5,2976,2976,2976,2976,2976
3,5,2976,2976,2976,2976,2976
4,5,2919,6112,2976,2976,2976
5,5,2976,2976,2976,2920,2976
6,9,8256,6112,10212,17174,8992,6112,14188,1428,2976
Gen-13
1,5,2914,2949,2949,2919,2976
2,5,2976,2976,2976,2976,2976
3,5,2976,2976,2976,2976,2976
4,5,2919,2976,2976,2976,2976
5,5,2976,2976,2976,2920,2976
6,9,8256,10212,17174,8992,14188,8256,6112,2849,0
Gen-14
1,5,2914,2949,2949,2919,5
2,5,2976,2976,2976,2976,2976
3,5,2976,2976,2976,2976,2976
4,5,2919,2976,2976,2976,2976
5,5,2976,2976,2976,2920,2976
6,9,8256,10212,17174,8992,14188,6112,0,0,15424
Gen-15
1,5,2914,15424,2949,2919,2976
2,5,2976,2976,2976,2976,2976
3,5,2976,2976,2976,2976,2976
4,5,2919,2976,2976,2976,2976
5,5,2976,2976,2976,2920,2976
6,9,10212,17174,8992,14188,15424,2400,2181,2899,2208
Gen-16
1,5,2914,2949,2949,2919,2976
2,5,2976,2976,2976,2976,2976
3,5,2976,2976,2976,2976,2976
4,5,2919,2208,2976,2976,2976
5,5,2976,2976,2976,2920,2976
6,9,10212,17174,8992,14188,15424,1632,2849,6112,3168
Gen-17
1,5,2914,2949,2949,2919,2976
2,5,2976,2976,2976,2976,2976
3,5,2976,2976,2976,2976,2976
4,5,2919,2976,3168,2976,2976
5,5,2976,2976,2976,2920,2976
6,10,10212,17174,8992,14188,15424,200,2884,2368,2276,4187
Gen-18
1,5,2914,2949,2949,2919,4187
2,5,2976,2976,2976,2976,2976
3,5,2976,2976,2976,2976,2976
4,5,2919,2976,2976,2976,2976
5,5,2976,2976,2976,2920,2976
6,9,10212,17174,8992,14188,15424,2306,2849,2949,5344
Gen-19
1,5,2914,2949,2949,2919,2976
2,5,2976,2976,2976,2976,2976
3,5,2976,2976,2976,2976,2976
4,5,2919,5344,2976,2976,2976
5,5,2976,2976,2976,2920,2976
6,11,10212,17174,8992,14188,15424,6112,0,1409,9075,0,1891
Gen-20
1,5,2914,2949,2949,2919,1891
2,5,2976,2976,2976,2976,2976
3,5,2976,2976,2976,2976,2976
4,5,2919,2976,2976,2976,2976
5,5,2976,2976,2976,2920,2976
6,9,10212,17174,14188,15424,9075,8992,1313,1434,100
Gen-21
1,5,2914,100,2949,2919,2976
2,5,2976,2976,2976,2976,2976
3,5,2976,2976,2976,2976,2976
4,5,2919,2976,2976,2976,2976
5,5,2976,2976,2976,2920,2976
6,9,10212,17174,14188,15424,9075,1439,0,11754,1538
Gen-22
1,5,2914,2949,2949,2919,1543
2,5,2976,2976,2976,2976,2976
3,5,2976,2976,2976,2976,2976
4,5,2919,2976,2976,2976,2976
5,5,2976,2976,2976,2920,2976
6,9,10212,17174,14188,15424,11754,1440,2208,2989,2400
Gen-23
1,5,2914,2400,2949,2919,2976
2,5,2976,2976,2976,2976,2976
3,5,2976,2976,2976,2976,2976
4,5,2919,2976,2976,2976,2976
5,5,2976,2976,2976,2920,2976
6,10,10212,17174,14188,15424,11754,3369,11072,2368,0,65
Gen-24
1,5,2914,2949,2949,2919,65
2,5,2976,2976,2976,2976,2976
4,5,2919,2976,2976,2976,2976
5,5,2976,2976,2976,2920,2976
6,11,14188,17174,15424,11754,11072,10304,8224,65,11072,2368,2368
Gen-25
1,5,2914,2368,2949,2919,2976
2,5,2976,2976,2976,2976,2976
4,5,2919,2976,2976,2976,2976
6,14,14188,17174,15424,11754,11072,2306,65,2949,2400,6112,0,9184,2081,2208
Gen-26
1,7,2914,2949,2949,2919,2919,2940,2208
2,7,2976,2976,2976,2944,2976,2976,2976
6,17,14188,17174,15424,11754,11072,1440,2849,0,2051,1348,6112,0,2884,3168,8992,6880,2181
Gen-27
1,6,2949,0,2919,2919,2940,1443
2,8,2976,2976,2976,2976,2976,2976,2976,2884
6,4,14188,2976,2208,1440
7,12,1861,6880,2341,5912,0,6112,1440,17174,15424,11754,11072,11840
Gen-28
1,6,2208,2976,2919,2919,2940,1443
6,6,14188,2208,5786,2849,11840,1440
7,18,15424,2976,0,6112,55,2116,2400,2368,2206,4167,6112,2306,0,17174,55,11754,11072,11840
Gen-29
1,5,2949,55,2919,2919,2940
6,10,14188,2208,5786,2849,11840,0,2656,7283,10560,2208
7,15,15424,2206,17174,6405,2849,7456,17892,2976,0,1440,65,2208,11754,11072,11840
Gen-30
1,5,2208,2976,2919,2919,2940
6,11,14188,5786,11840,7283,10560,7283,0,7281,2884,0,2208
7,14,15424,17174,17892,8094,2306,0,55,1891,2368,3616,2849,2884,11754,11840
Gen-31
6,14,2889,11840,7283,10560,7283,0,30432,24120,2976,2884,8416,2202,3459,7454
7,16,15424,17174,17892,0,0,1568,0,2884,65,2136,0,0,2884,2970,11754,11840
Gen-32
6,16,11840,10560,30432,24120,8416,12965,6112,1440,2400,2366,24120,6112,10815,2949,5344,1440
7,14,15424,17174,2970,3044,2206,2331,6112,0,11754,9024,55,65,0,11840
Gen-33
6,17,11840,30432,24120,12965,23920,0,0,1508,6112,13120,0,1440,1440,2626,1348,2208,2884
7,13,15424,1440,11754,9024,65,0,6112,15389,2884,2306,2177,2208,11840
Gen-34
6,16,12965,6112,7293,0,2976,6112,6112,6112,12654,30432,24120,23920,13120,6688,1886,0
7,14,2889,11754,9024,15389,1440,55,12437,2974,2949,0,6112,2208,55,11840
Gen-35
6,18,12965,21152,2976,2176,24688,11776,1440,21816,0,0,2849,3044,0,6112,30432,24120,24120,13120
7,12,9024,2976,65,4502,65,6112,1440,2849,11754,6112,12437,11840
Gen-36
6,19,24120,24888,21816,2976,6112,10532,16484,2819,0,5280,6112,9968,2976,2208,0,14144,2208,30432,24120
7,11,9024,6112,10147,11744,6112,6112,2884,8224,11754,6112,11840
Gen-37
6,18,24120,24688,21816,6112,11328,30432,0,14912,6112,0,2976,0,0,2976,2976,25,2208,24120
7,12,9024,10147,11744,6112,2400,6112,6112,6112,0,8954,11754,2208
Gen-38
6,17,24120,24688,21816,30432,25,6112,6112,2849,0,9792,0,2208,55,6112,6112,6112,24120
7,13,9024,10147,11744,8954,6112,6112,3484,130,2208,2611,6112,1409,2208
Gen-39
6,18,24120,24688,21816,30432,23920,24688,4544,1313,4157,6112,4417,1632,1440,195,2208,15008,6112,2081
7,12,9024,10147,6112,8954,6112,1434,2849,2208,2400,1573,3168,2976
Gen-40
6,20,24120,24888,30432,23920,24888,12192,5220,6112,6112,1632,0,7072,2976,1440,225,0,11776,6112,16162,6112
7,10,9024,2086,11744,8954,6112,2176,2976,2920,130,1440
Gen-41
6,21,24120,2208,2208,13605,0,6112,2976,6112,1632,6112,3429,2208,1440,1028,1440,24688,8224,130,30432,23920,24888
7,9,9024,4980,195,6112,6112,8954,6112,2976,8224
Gen-42
6,20,24120,24688,14956,2849,2208,6112,1861,6112,185,2976,1440,6396,1632,100,2208,2208,2208,30432,24120,24688
7,10,130,6112,190,6112,0,0,1632,11744,8954,8224
Gen-43
6,21,24120,24888,6112,0,6112,4212,0,1632,1440,2208,5988,6112,6209,19018,30432,8066,16192,1440,6112,24120,24688
7,9,6112,6112,2208,2341,9215,6112,0,8954,8224
Gen-44
6,20,24120,24688,30432,9024,2081,2106,2976,6112,5985,6020,6880,6112,9024,0,2208,0,6112,6112,23920,24688
7,10,6112,6112,6112,8954,1409,12655,6112,9087,2914,8224
Gen-45
6,19,24120,24688,30432,0,2208,1440,10258,24120,3714,15294,6112,1440,24888,3479,1440,2208,0,6112,11024
7,11,6112,8954,6112,9087,1393,6112,6112,6100,6100,6112,8224
Gen-46
6,18,24120,24888,30432,24120,24888,2671,0,2276,6112,12516,6112,11817,17172,2976,2208,0,2208,1632
7,5,6112,8954,12655,11034,2976
8,7,2131,1440,8189,2341,6112,2186,8224
Gen-47
6,16,24120,6112,0,6578,7589,6112,2208,8224,24688,30432,24120,24688,9888,2976,4237,2731
7,2,6112,8954
8,8,1632,12655,9087,2976,8189,2341,6112,2186
9,4,6112,1443,2914,1408
Gen-48
6,14,24120,25656,6112,6112,15586,1440,24688,6112,2849,1058,11776,30432,24120,24888
7,4,6112,23352,6112,6112
8,2,6112,2976
9,11,2208,6112,6112,6112,8954,12655,9087,8189,1443,2914,1408
Gen-49
6,13,24120,25656,24688,12232,1440,2208,2400,1632,6112,3439,25,30432,24888
7,6,6112,23352,6112,6112,6112,14496
8,5,11776,6112,130,6112,2976
9,8,8189,6112,3699,6081,10980,8954,12655,9087
Gen-50
6,12,24120,25656,24688,9792,3419,1632,2208,0,0,2884,30432,24888
7,7,6112,23352,6112,6112,14496,14037,11584
8,5,25,6112,130,6112,2976
9,7,8189,10980,0,6112,8954,12655,9087
Gen-51
6,11,24120,25656,24888,6304,2276,1838,30432,2208,6112,1313,24888
7,7,6112,23352,14496,14037,11584,22584,6112
8,5,6112,2884,130,6112,2976
9,7,8189,10980,195,0,8954,12655,9087
Gen-52
6,10,24120,25656,24888,30432,2208,7648,2849,1313,2208,24688
7,15,8954,23352,130,10980,14496,14037,11584,22584,220,12655,6112,2976,6112,6880,2976
8,3,1318,6112,6112
9,2,8189,9087
Gen-53
6,11,24120,25656,24688,30432,2051,10818,2976,2976,2849,100,24888
7,13,9087,23352,14496,14037,22584,12655,10212,8992,11748,6112,4452,1440,6112
8,5,6112,6880,6112,2976,6880
9,3,8189,0,12655
Gen-54
6,10,24120,25656,24688,30432,33704,24888,7488,14080,7072,6112
7,1,2920
8,8,6112,105,6112,14037,22584,2976,6880,1632
9,11,8189,23352,14496,12655,0,12655,6105,1440,9764,0,2976
10,1,8992
Gen-55
6,11,24688,25656,30432,33504,24888,2081,65,6112,7456,2400,2976
7,6,6112,12655,2849,2940,2976,2849
8,3,6112,6112,6880
9,1,12655
10,14,8992,23352,14496,14037,22584,9764,130,1632,6112,5986,23920,9184,8089,6112
Gen-56
6,9,24688,0,0,25656,30432,33504,24688,2400,1440
7,5,2920,2976,2849,2940,2976
8,5,6112,6112,6880,4242,6112
9,5,12655,6307,2884,6112,9256
10,9,23920,23352,14496,14037,22584,6112,2208,8256,1440
Gen-57
6,9,24688,2849,0,0,12163,25656,30432,33504,24888
7,5,2920,0,2849,2940,2976
8,5,6112,6112,6880,4242,6112
9,5,12655,6307,2884,6112,9256
10,7,23920,1440,5920,23352,14496,14037,22584
Gen-58
6,9,24688,165,25656,7488,2976,0,30432,33704,24888
7,5,2920,12655,2849,2940,12168
8,5,6112,6112,6880,4242,6112
9,5,12655,6307,2884,6112,9256
10,7,23920,1440,23352,1440,14496,14037,22584
Gen-59
6,9,24688,25656,15,2976,2976,0,30432,33504,24688
7,5,2920,12655,2849,2940,2976
8,5,6112,6112,0,4242,6112
9,5,12655,6307,2884,6112,9256
10,7,23920,23352,1632,2208,14496,14037,22584
Gen-60
6,9,24688,25656,7553,6112,1058,0,30432,33704,24888
7,5,2920,12655,2849,2940,2976
8,5,0,6112,6880,4242,6112
9,5,12655,6307,2884,6112,9256
10,7,23920,23352,6112,0,14496,14037,22584
Gen-61
6,9,24888,25656,7301,9150,2208,0,30432,33704,24888
7,5,2920,12655,2849,2940,2976
8,5,6112,6112,5,4242,6112
9,5,12655,6307,2884,6112,9256
10,7,23920,23352,1628,2819,14496,14037,22584
Gen-62
6,9,24688,25656,0,2116,2976,2849,30432,33704,24888
7,5,2920,12655,2849,2940,2976
8,5,0,6112,6880,4242,6112
9,5,12655,6307,2884,6112,9256
10,7,23920,23352,14496,1632,6112,14037,22584
Gen-63
6,9,24688,25656,11361,2976,0,130,30432,33504,24688
7,6,2920,6112,12655,2849,2940,2976
8,5,6112,6112,2854,4242,6112
9,5,12655,6307,2884,6112,9256
10,6,23920,23352,14496,6112,14037,22584
Gen-64
6,9,24888,25656,1440,1313,1348,1826,30432,33704,24888
7,5,2920,6112,130,2940,2976
8,5,6112,6112,6880,4242,6112
9,5,12655,6307,2884,6112,9256
10,7,23920,23352,14496,14037,0,22584,6112
Gen-65
6,9,24688,25656,6112,180,2208,2081,30432,33504,24888
7,5,2920,6112,12655,2940,2976
8,5,6112,6112,6880,4242,6112
9,5,12655,6307,2884,6112,9256
10,7,23920,23352,14496,14037,22584,1440,6112
Gen-66
6,9,24688,25656,30432,1508,2711,21862,5825,33504,24688
7,5,2920,6112,2081,2940,2976
8,5,6112,6112,6880,4242,6112
9,5,12655,6307,2884,6112,9256
10,7,23920,23352,14496,14037,22584,6112,2121
Gen-67
6,11,24688,25656,30432,0,2849,1313,6112,12762,15581,33704,24688
8,5,6112,6112,5825,4242,6112
9,5,12655,6307,2884,6112,9256
10,8,23920,23352,14496,14037,22584,130,1632,9184
Gen-68
6,11,24888,25656,30432,5908,65,6112,4267,55,0,33704,24888
8,5,15591,6112,6880,4242,6112
9,6,12655,1440,6307,2884,6112,9256
10,8,23920,23352,14496,14037,22584,6112,195,2976
Gen-69
6,10,24888,25656,30432,7457,2081,7281,0,1440,33504,24688
8,6,6112,6112,6880,2186,4242,6112
9,5,5,6307,2884,6112,9256
10,9,23920,23352,14496,14037,22584,1440,2208,862,2081
Gen-70
6,11,24688,25656,30432,33504,24688,1338,2336,12837,5185,225,8992
8,5,6112,6112,6880,4242,6112
9,5,12655,6307,2884,6112,1440
10,10,23920,23352,14496,14037,22584,2081,130,6112,1573,2208
Gen-71
6,13,24688,25656,30432,33704,24888,10592,2208,2081,2208,2400,2208,2081,0
8,6,6112,6112,8992,2976,4242,6112
10,11,23920,23352,14496,14037,22584,6112,0,5344,5920,2051,1058
Gen-72
6,12,24688,27960,0,0,25656,30432,33704,24888,9024,13615,1440,3699
8,5,6112,6112,0,4242,6112
10,12,23920,23352,14496,14037,22584,22338,2976,1440,6688,1632,1632,7291
Gen-73
6,13,24888,27960,2884,24888,25656,21139,24419,7977,1440,4452,0,30432,33504
8,5,0,6112,6880,4242,6112
10,11,23920,1440,0,8079,16359,0,7072,23352,14496,22584,22338
Gen-74
6,14,24688,27760,25656,0,12655,12652,3699,6523,1623,12516,7291,1440,30432,33704
8,5,6112,6112,0,4242,6112
10,10,23920,16359,23352,6688,2208,6112,1440,1333,22584,22338
Gen-75
6,13,24888,27960,25656,2081,4795,2207,2849,3374,12192,0,2208,30432,33704
8,6,1440,6112,2208,6880,4242,6112
10,10,23920,16359,23352,1440,545,1440,1440,7072,22584,22338
Gen-76
6,14,24888,27960,25656,6112,0,3744,2081,30432,2106,15603,2131,2116,12655,33704
8,4,6112,2208,4242,6112
10,12,23920,16359,23352,2208,6304,1632,6112,0,22584,5220,10048,22338
Gen-77
6,13,24688,27960,25656,30432,130,2106,1598,2208,10593,0,6112,8608,33504
8,5,12665,1440,6880,4242,6112
10,11,23920,16359,23352,22584,6112,1440,100,6112,1632,12655,22338
Gen-78
6,12,24688,27960,25656,30432,2208,15469,1828,2116,6112,0,2976,33504
8,6,8608,1440,6880,3109,4242,6112
10,12,23920,16359,23352,22584,6112,8069,25656,1440,6112,1440,6112,22338
Gen-79
6,13,24888,27960,25656,30432,33504,2148,2849,0,2121,0,2356,6112,2208
8,5,2976,6880,3109,4242,6112
10,13,23920,23352,22584,25656,1440,6112,6112,130,6112,0,10192,7301,22338
Gen-80
6,12,24888,27960,25656,30432,33504,2849,130,1891,2396,2081,9184,18596
8,5,6112,2208,3109,4242,6112
10,12,23920,23352,22584,25656,1603,2208,6112,0,6112,2208,1440,22338
Gen-81
6,13,24688,27960,6144,20241,2341,2208,13472,2884,25656,30432,33504,6912,55
8,5,18596,6880,3109,4242,6112
10,11,23920,23352,22584,25656,0,5035,22338,2208,1440,4267,2208
Gen-82
6,13,24888,27960,25656,5481,15764,12571,6112,12527,3439,29096,6112,30432,33704
8,6,2884,6112,6880,3109,4242,6112
10,11,23920,6112,3479,23352,0,2208,1440,1573,22584,25656,22338
Gen-83
6,14,33504,27960,25656,29096,100,2976,6112,2974,2976,2976,8224,2121,6112,30432
8,5,6112,6112,3109,4242,6112
10,10,23920,23352,6112,6112,1440,993,6112,22584,25656,22338
Gen-84
6,9,33504,27960,25656,29096,3074,0,55,1408,9792
8,5,6112,6880,3109,4242,6112
10,12,23920,23352,100,9539,6112,12544,1440,6112,22584,1313,25656,22338
11,4,2976,7488,0,30432
Gen-85
6,8,33504,27960,29096,9792,8224,185,0,8256
8,5,6112,1318,3109,4242,6112
10,10,23920,23352,22584,15603,1632,2208,1632,2208,25656,22338
11,7,2976,25656,7488,0,0,0,30432
Gen-86
6,9,33704,27960,29096,9792,8256,2208,1440,2208,4955
8,5,8256,6880,3109,4242,6112
10,9,23920,23352,22584,13793,6112,24099,130,25656,22338
11,6,2976,25656,7488,0,30432,1440
Gen-87
6,8,33504,27960,29096,9792,8256,7361,1348,6112
8,5,4955,6880,3109,4242,6112
10,10,23920,23352,22584,24099,21761,7176,25656,4452,13088,130
11,7,2976,25656,7488,30432,1440,3134,0
Gen-88
6,9,33504,27960,28896,9792,8256,1440,6112,155,12626
8,5,6112,135,3109,4242,6112
10,11,23920,23352,22584,24099,25656,2976,6112,6112,25824,3684,4482
11,6,2976,25656,7488,30432,3134,195
Gen-89
6,9,33704,27960,29096,9792,12626,0,0,2208,7072
8,5,4487,6880,3109,4242,6112
10,9,23920,23352,24099,25656,25824,1003,9280,0,10942
11,7,2976,25656,7488,30432,3134,100,0
Gen-90
6,10,33504,27960,29096,9792,12626,2051,55,1440,2904,25656
8,5,6112,10944,3109,4242,6112
10,10,23920,23352,24099,25656,25824,6112,23456,0,5536,0
11,6,2976,25656,7488,30432,3134,195
Gen-91
6,9,33504,27960,29096,12626,25456,2884,0,2889,2400
8,5,6112,5,3109,4242,6112
10,9,23920,24099,25656,2976,25824,23456,6112,3499,13312
11,7,2976,25656,7488,30432,3134,3454,2976
Gen-92
6,9,33504,27960,29096,12626,25456,6467,2914,2116,1440
8,5,3509,6880,3109,4242,6112
10,9,23920,2849,130,0,6112,24099,25656,25824,23456
11,7,30432,25656,7488,3134,3454,18468,0
Gen-93
6,9,33704,27960,55,6112,17169,1632,29096,12626,25656
8,5,6112,6112,3109,4242,6112
10,9,23920,1440,545,0,0,24099,25656,25824,23456
11,7,30432,5920,2081,25656,7488,3454,18468
Gen-94
6,10,33704,27960,17169,28896,2208,1632,6112,2976,2844,25456
8,5,1632,6880,3109,4242,6112
10,8,23920,0,0,13856,24099,25656,25824,23456
11,8,30432,5920,25656,5920,2208,2849,7488,18468
Gen-95
6,9,33504,27960,17169,29096,3484,6848,9024,1440,25456
8,5,6112,2844,3109,4242,6112
10,9,23920,2976,6112,2208,6112,24099,25656,25824,23456
11,7,30432,5920,25656,2849,1313,7488,18468
Gen-96
6,9,33504,27960,17169,29096,2081,2400,8731,4950,25656
8,5,6112,6880,3109,4242,6112
10,9,23920,6112,7648,1440,1113,24099,25656,25824,23456
11,7,30432,5920,25656,2869,8256,7488,18468
Gen-97
6,11,33504,27960,17169,29096,2976,6112,5536,2976,2208,6112,25656
10,11,23920,4107,2208,1440,6880,0,10,24099,25656,25824,23456
11,9,4950,25656,8256,7488,1598,2849,16401,0,18468
Gen-98
6,12,33504,27960,17169,29096,4467,12652,1313,6304,5738,1632,2976,25656
10,10,23920,24099,2178,2400,1568,8730,6112,25656,25824,23456
11,8,16401,6112,8256,7488,18320,1440,2400,18468
Gen-99
6,11,33504,27960,17169,29096,1018,6848,35240,6112,1440,2976,25656
10,11,23920,24099,25656,6112,2976,6112,25824,8074,1440,6112,23456
11,7,16401,8256,7488,18320,0,0,2976
Gen-100
6,13,33704,27960,29096,35240,21525,2976,55,0,6112,55,2829,1440,25656
10,11,23920,24099,25656,25824,0,8416,23281,1440,8224,1440,23456
11,6,16401,8256,7488,6112,5637,18468
