Gen-0
1,30,65,290,610,0,0,0,225,768,35,0,0,645,0,0,0,100,225,0,0,5,340,0,0,0,0,0,0,0,0,580
Gen-1
1,30,580,180,645,340,580,65,580,580,768,0,768,720,0,65,0,55,0,165,65,725,10,0,65,130,65,730,325,768,680,864
Gen-2
1,9,710,768,730,768,1579,730,740,768,768
2,9,768,864,864,768,730,768,768,580,768
3,12,0,705,645,768,55,720,732,325,80,35,645,485
Gen-3
1,14,768,768,864,1579,720,768,768,730,864,984,768,864,768,1885
2,7,768,864,768,768,768,100,195
3,6,768,645,730,675,5,545
4,3,705,732,1262
Gen-4
1,11,864,1579,984,1885,1579,768,768,1841,768,768,1579
2,6,768,864,768,768,768,864
3,6,1895,864,645,730,675,545
4,6,705,732,1262,325,135,959
Gen-5
1,10,1579,1885,1579,1841,1579,989,768,765,260,755
2,9,768,864,768,768,864,864,768,170,705
3,5,768,864,645,730,675
4,5,705,732,1589,325,959
Gen-6
1,11,1579,1885,1579,1841,1579,768,768,740,730,768,730
2,8,768,755,768,864,864,765,864,140
3,6,768,864,645,730,675,100
4,5,705,732,1262,325,959
Gen-7
1,12,1579,730,768,725,768,768,974,515,1885,1579,1841,1579
2,7,768,768,864,864,864,15,195
3,4,768,645,730,675
4,4,705,732,325,959
5,3,2970,730,1262
Gen-8
1,9,1579,768,730,864,2803,1885,1579,1841,1579
2,6,768,755,768,515,864,864
3,5,768,100,645,730,675
4,4,705,732,325,959
5,6,2970,220,205,995,864,1262
Gen-9
1,9,1579,3585,772,730,768,750,1885,1579,1841
2,5,768,755,768,864,864
3,5,1005,100,645,730,675
4,5,705,757,732,325,959
5,7,2970,220,995,755,745,864,1262
Gen-10
1,9,1579,2753,750,0,730,515,1885,1579,1841
2,5,768,755,768,864,864
3,5,755,100,645,730,675
4,5,705,757,732,325,959
5,7,2970,995,755,768,1235,864,1262
Gen-11
1,8,1579,2803,265,974,584,1885,1579,1841
2,4,768,755,768,864
3,5,520,100,645,730,675
4,5,705,757,732,325,959
5,8,2970,995,1235,730,725,745,864,1262
6,2,195,864
Gen-12
1,8,1579,3589,755,289,768,1885,1579,1841
2,5,768,755,768,768,864
3,5,768,100,645,730,675
4,5,705,757,732,325,959
5,6,2970,995,1235,765,864,1262
6,5,195,195,735,0,584
Gen-13
1,8,1774,2698,3639,768,165,768,1671,1841
2,5,768,755,768,768,864
3,5,768,100,645,730,675
4,5,705,757,732,325,959
5,6,2970,995,1235,1675,864,1262
6,5,195,195,768,0,864
Gen-14
1,8,1774,325,3639,140,750,2988,1671,1841
2,5,768,755,768,765,864
3,5,610,5,645,205,685
4,5,705,1395,730,645,974
5,6,745,1085,945,1846,740,755
6,5,300,195,735,0,165
Gen-15
1,7,1774,3639,2988,999,864,1671,1841
2,5,768,755,768,765,864
3,5,610,5,645,205,685
4,5,705,1395,730,645,974
5,6,745,1085,945,1846,755,755
6,5,300,195,2998,0,864
Gen-16
1,7,1774,3639,2988,768,1884,1671,1841
2,5,768,755,768,765,864
3,5,610,5,645,205,864
4,5,705,1395,730,645,974
5,5,945,1085,1846,755,755
6,5,300,195,735,0,864
Gen-17
1,8,1774,3639,2988,1884,768,1090,924,1841
2,5,768,755,768,765,864
3,5,610,5,645,205,685
4,5,705,1395,730,645,974
5,5,945,1085,1846,755,755
6,5,300,195,735,0,1894
Gen-18
1,8,1774,3639,2988,1884,1734,190,720,1841
2,5,768,755,768,765,864
3,5,610,5,645,205,924
4,5,705,1395,730,645,974
5,5,945,1085,1846,755,755
6,5,300,195,735,0,864
Gen-19
1,9,1774,3639,2988,1884,95,740,969,1297,1841
2,6,768,755,768,765,768,864
3,5,610,5,645,205,685
5,6,945,1085,1846,755,1664,755
6,5,300,195,735,0,720
Gen-20
1,12,1774,3639,2988,1884,0,929,3004,0,768,0,1771,1841
2,5,768,768,765,768,864
5,8,945,1085,1846,755,1664,730,3104,1079
6,5,300,195,1307,0,864
Gen-21
1,3,1841,3639,2988
2,6,768,768,765,768,864,864
5,9,1846,1085,1664,3104,1079,710,732,864,934
6,5,300,195,1776,0,864
7,8,1884,3004,0,768,720,700,730,768
Gen-22
1,1,1841
2,5,768,768,768,864,864
5,8,1846,1085,1664,3104,1079,755,768,220
6,5,300,195,768,0,864
7,13,1884,3639,2988,3004,768,730,768,772,989,269,994,768,768
Gen-23
1,7,1841,730,864,768,768,768,768
2,6,768,768,768,864,740,864
6,5,300,195,735,0,768
7,11,1884,3639,2988,3004,994,976,1735,999,768,1604,0
Gen-24
1,8,1841,864,768,768,768,864,768,768
2,7,768,768,768,864,864,864,715
6,5,300,195,735,0,768
7,11,1884,3639,2988,3004,290,1735,768,768,1840,225,0
Gen-25
1,7,1841,864,768,768,864,768,730
2,6,768,768,864,864,864,303
6,5,300,195,735,0,0
7,12,1884,0,0,1035,730,1052,294,3639,2988,3004,1840,994
Gen-26
1,7,1841,602,864,864,768,768,864
2,6,768,705,768,864,864,864
6,5,300,195,294,0,864
7,12,1884,768,985,1899,768,990,1699,959,3639,2988,3004,1840
Gen-27
1,7,1841,864,768,869,864,768,864
2,6,768,1841,768,864,864,864
6,5,300,195,735,0,959
7,12,1884,1899,80,984,768,260,1542,768,695,3639,2988,3004
Gen-28
1,8,1841,864,869,768,768,645,864,864
2,7,768,1841,750,1515,864,864,864
6,5,300,195,735,0,695
7,11,1884,1899,768,385,768,115,720,695,3639,2988,3004
Gen-29
1,7,1841,864,869,1896,3584,864,864
2,8,864,1841,1515,768,755,735,864,864
6,5,300,195,695,0,864
7,11,1884,1899,695,3639,720,259,740,1566,985,2988,3004
Gen-30
1,8,1841,864,869,3584,1896,324,730,1950
2,7,864,1841,1515,864,730,864,864
6,5,300,195,735,0,995
7,10,1884,1899,3639,2988,777,730,1915,768,864,3004
Gen-31
1,10,1841,869,1896,3584,1950,768,768,1575,1851,864
2,7,864,864,1515,864,0,864,864
7,13,3639,1899,2988,1915,1563,0,864,1754,750,165,190,120,3004
Gen-32
1,11,1841,1896,3584,1950,1851,768,768,768,768,1679,768
2,6,864,1841,120,864,864,864
7,12,3639,1899,2988,1915,260,3004,0,999,230,768,969,435
Gen-33
1,12,1841,1896,3584,1950,1851,645,1840,1866,768,768,768,2688
2,7,864,768,864,864,864,768,768
7,11,3639,1899,2988,1915,3004,695,768,1675,1076,165,3126
Gen-34
1,11,3584,1896,1950,1866,2688,768,768,975,768,768,768
2,6,2688,1841,864,864,864,1045
7,12,3639,2988,1915,3004,3126,768,1890,705,0,684,864,929
Gen-35
1,11,3584,1896,1950,1866,2688,768,768,768,768,768,768
2,8,939,1841,864,864,1045,1814,1559,768
7,12,3639,1574,30,20,5512,2988,1915,3004,3126,20,765,768
Gen-36
1,10,3584,1891,1901,734,750,768,1896,1950,1866,2688
2,7,864,0,864,5522,1045,1814,1559
7,13,3639,5512,229,768,720,1022,2799,675,750,1923,2988,3004,3126
Gen-37
1,9,3584,1901,768,768,1005,730,1896,1950,2688
2,8,864,1923,710,705,768,1045,1814,1559
7,12,3639,5512,755,700,720,1026,705,1568,0,2988,3004,3126
Gen-38
1,10,3584,1901,75,720,1896,768,864,768,1950,2688
2,7,864,0,725,768,1045,1814,1559
7,13,3639,5512,65,3104,0,80,1661,1525,695,115,2988,3004,3126
Gen-39
1,11,3584,1901,1896,1840,768,768,1950,1891,768,768,2688
2,6,864,768,259,1045,115,1559
7,14,3639,5512,3104,35,1753,115,725,0,165,610,750,1564,3004,3126
Gen-40
1,12,3584,1901,1896,1950,1125,768,768,995,768,1125,730,2688
2,5,864,768,259,1045,1569
7,13,3639,5512,3104,3634,720,704,2974,3004,924,720,0,0,3126
Gen-41
1,11,3584,1901,1896,1950,1675,864,864,980,1125,768,2688
2,6,864,768,259,10,1045,0
7,14,3639,5512,3104,3634,720,2955,720,3525,720,0,463,3126,1533,768
Gen-42
1,11,3584,1901,1896,1950,975,995,1579,768,1240,768,2688
2,5,864,768,259,10,768
7,14,3639,5512,3634,3525,3126,5,1744,190,740,3629,10,768,10,115
Gen-43
1,12,3584,1901,1896,1950,2688,768,1421,768,864,545,768,768
2,5,115,768,259,10,1045
7,13,3639,5512,3634,3525,3629,0,100,0,259,230,720,720,95
Gen-44
1,12,3584,768,768,2983,768,1901,1896,1950,2688,1820,985,768
2,5,864,768,259,10,95
7,13,3639,5512,0,65,1101,768,435,695,1535,0,3634,3525,3629
Gen-45
1,12,3584,2983,1901,715,768,768,768,768,768,768,1950,2688
2,5,0,768,259,10,1045
7,13,3639,5512,1914,1641,768,229,3949,145,1855,4804,3634,3525,3629
Gen-46
1,11,3584,2983,1901,755,768,1675,768,1005,760,1950,2688
2,5,864,768,259,10,4814
7,15,3639,5512,3949,4804,768,3475,740,755,3013,760,768,1461,645,740,3634
Gen-47
1,10,3584,2983,1901,768,768,768,924,1841,1950,2688
2,6,864,768,195,259,10,740
7,14,3639,5512,3949,4804,960,1574,0,1004,435,1654,705,750,1655,3634
Gen-48
1,11,3584,2983,1901,1950,768,995,864,768,768,1931,2688
2,5,1665,768,195,259,1045
7,15,3639,5512,3949,4804,765,175,768,1546,1027,740,739,3634,0,1690,740
Gen-49
1,11,3584,2983,1950,1931,768,1005,864,1940,750,768,2688
2,6,740,768,195,259,3589,1045
7,13,3639,5512,3949,4804,3634,740,165,2955,915,768,1935,210,740
Gen-50
1,10,3584,2983,1950,1940,768,185,730,260,995,2688
2,7,864,768,259,740,737,730,1045
7,14,3639,5512,3949,4804,3634,768,704,735,720,4289,768,0,768,0
Gen-51
1,10,3584,2983,1950,1940,2688,1125,0,768,768,768
2,6,864,768,3589,737,0,864
7,14,3639,5512,3949,4804,4289,3153,739,725,765,894,0,0,745,735
Gen-52
1,13,735,2983,1950,1940,2688,1005,1005,1701,730,1070,768,0,768
7,17,3639,768,1950,5512,3058,740,864,10,1017,1035,0,1854,1841,130,3949,4804,4289
Gen-53
1,12,2688,130,768,1856,768,768,230,768,1005,1950,1940,1701
7,18,3639,5512,1850,704,735,740,3949,735,760,4804,1664,0,768,768,210,903,745,4289
Gen-54
1,13,755,1856,864,768,768,768,990,0,1005,1856,1950,1940,1701
7,17,3639,5512,3949,4804,750,55,145,0,55,165,0,768,220,224,755,1988,4289
Gen-55
1,12,1856,1856,1988,768,768,1010,768,768,919,975,1940,1701
7,18,3639,5512,3949,4804,1844,1066,35,3584,12600,864,709,0,4804,225,1850,130,1664,4289
Gen-56
1,11,1856,1856,1674,1040,960,768,768,750,1005,1940,1701
7,19,5512,4804,12600,4804,735,709,2955,760,874,768,1029,100,5525,1169,740,0,740,768,4289
Gen-57
1,10,1856,1856,1950,768,130,964,768,1840,768,1701
7,20,5512,4804,12600,4804,5525,1966,60,1659,760,4799,130,750,768,3609,4364,3104,115,768,2955,705
Gen-58
1,9,1856,1856,710,1840,1950,768,864,768,1701
7,21,5512,1187,768,253,3959,4804,12600,4804,5525,975,740,725,1675,12600,3584,1250,745,10,960,864,768
Gen-59
1,10,1856,768,985,645,1835,760,1856,1840,3968,1701
7,20,5512,768,745,768,759,864,919,515,150,1847,768,768,750,749,4309,1775,4804,12600,5525,12600
Gen-60
1,11,1856,1835,1861,768,1921,864,768,2963,1856,1840,1785
7,19,5512,4804,768,768,768,745,165,740,705,735,100,1121,1599,680,768,768,12600,5525,12600
Gen-61
1,12,1856,1861,1921,768,1856,768,1010,768,864,65,35,10
7,18,5512,4804,1665,919,750,768,3614,3490,1017,1675,750,100,768,645,12600,725,5525,12600
Gen-62
1,9,1856,1861,725,1856,1010,10,899,980,768
7,21,5512,4804,12600,720,5,768,3893,2965,1025,1918,750,768,735,1580,745,1669,259,4814,254,5525,12600
Gen-63
1,8,1856,254,1856,1010,980,0,1861,560
7,22,5512,12600,4814,3639,750,5525,720,0,735,4799,4815,768,768,3604,720,745,768,195,725,709,754,12600
Gen-64
1,7,1856,1856,1010,980,764,735,1909
7,23,5512,12600,5525,4815,0,768,4365,130,4365,1931,3634,704,3958,715,1014,4319,768,768,12600,3584,5529,4309,1675
Gen-65
1,8,1856,1856,1010,980,1685,768,0,768
7,22,5512,768,2955,3584,864,4814,0,768,720,704,229,1019,1834,768,997,2965,225,12600,5525,12600,5529,755
Gen-66
1,9,230,768,768,864,864,1856,1010,980,1909
7,21,5512,3633,768,768,0,765,100,738,35,725,165,1881,254,725,768,768,768,12600,5525,12600,5529
Gen-67
1,8,768,864,768,0,864,1856,1010,980
7,22,5512,768,254,925,768,1675,165,645,100,768,225,768,720,735,4343,768,768,10,12600,5525,12600,5529
Gen-68
1,7,864,864,10,1010,768,645,980
7,23,5512,730,2955,725,120,1825,675,1935,12600,915,610,738,725,1125,725,1675,768,1549,545,768,5525,12600,5529
Gen-69
1,5,864,864,768,768,980
7,24,5512,12600,725,768,864,735,768,768,259,1199,10,5525,100,768,4805,768,750,4814,5519,1775,920,768,12600,5529
8,1,1811
Gen-70
7,23,5525,12600,5519,3099,0,909,3609,768,0,0,3073,4804,865,0,768,145,768,224,3539,695,12600,5529,768
8,7,768,1679,768,0,768,1839,1821
Gen-71
7,22,5525,864,996,290,768,768,765,2955,695,768,0,324,5525,12600,5519,12600,5529,720,3584,130,768,254
8,8,1811,1679,1679,768,768,1821,0,768
Gen-72
7,21,5525,5525,3513,190,705,759,155,1675,2954,1730,3900,928,1287,768,155,768,768,3620,12600,12600,5529
8,9,1811,768,768,768,730,1679,1679,768,5535
Gen-73
7,20,5525,5525,743,740,3958,1679,1660,4704,0,5119,0,645,1679,1731,768,645,768,12600,12600,5529
8,10,1811,768,768,864,768,768,1921,1679,1679,3620
Gen-74
7,21,5525,5525,768,768,750,768,3509,10,1675,12600,1966,5525,0,768,980,0,1640,754,4805,5529,12600
8,9,1811,1921,768,985,768,975,1679,768,1679
Gen-75
7,22,5525,5525,12600,768,740,690,100,0,864,768,35,954,5554,0,4815,225,4814,768,10,290,12600,5529
8,8,1811,4815,985,980,1891,768,1679,1679
Gen-76
7,20,5525,12600,5554,750,768,5525,3493,768,0,6272,720,260,730,974,695,2955,670,999,12600,5529
8,10,1811,290,1891,1679,768,5,864,1005,1679,768
Gen-77
7,21,12600,1011,745,768,260,770,12600,5554,130,6272,5529,5,0,0,260,768,0,3908,0,768,768
8,9,1811,1009,1679,1005,1679,1679,768,965,864
Gen-78
7,20,12600,720,1856,0,768,768,975,745,0,0,1771,690,1840,740,729,3968,12600,5554,6272,5529
8,10,770,995,335,768,1674,1674,1891,1679,1679,1679
Gen-79
7,21,12600,768,145,768,768,125,750,1891,905,1671,4324,864,768,374,3470,768,1377,12600,5554,6272,5529
8,9,1679,1674,864,768,645,10,3968,1679,1679
Gen-80
7,20,12600,768,750,991,0,768,730,768,750,779,4371,2955,768,4365,768,12600,994,5554,6272,5529
8,10,1679,1674,768,864,1675,768,768,1377,1679,1679
Gen-81
7,21,12600,12600,1899,773,1679,764,10,905,735,1678,1670,768,100,4249,4309,1675,768,768,5554,6272,5529
8,9,1004,1674,1675,290,329,768,768,1679,1679
Gen-82
7,22,12600,12600,730,5554,0,700,764,768,768,170,4813,768,770,5,910,0,768,6272,989,3475,3912,5529
8,8,1679,1674,1675,735,768,0,1679,768
Gen-83
7,21,12600,765,768,354,12600,5554,6272,1559,12600,679,3745,768,3964,290,3604,695,0,5529,1669,100,165
8,9,3922,1674,1675,768,768,768,1125,768,1679
Gen-84
7,22,12600,4815,864,1022,2955,1055,1860,1055,864,0,768,770,1679,0,720,768,5,12600,5554,6272,12600,0
8,8,359,1674,1675,1125,1679,768,768,1936
Gen-85
7,21,12600,100,735,10,100,3484,768,725,768,744,0,768,4309,768,1545,768,768,12600,5554,6272,12600
8,9,1125,1674,1901,0,730,768,1675,1679,5
Gen-86
7,22,12600,919,195,0,725,0,768,1775,1786,695,725,768,2405,100,704,735,120,1671,12600,5554,6272,12600
8,8,1125,1674,768,645,768,1679,1675,1679
Gen-87
7,21,12600,989,1545,4803,0,749,12600,768,755,1669,3493,145,3585,3638,1325,997,764,1400,5554,6272,12600
8,9,1125,1674,1681,1675,985,980,1679,768,1679
Gen-88
7,22,12600,12600,5,185,1675,740,0,5554,750,864,768,0,254,768,35,768,768,768,714,768,6272,12600
8,6,1675,1674,1400,1679,768,768
9,2,1679,1679
Gen-89
7,18,12600,12600,5554,964,3465,6272,993,759,1661,735,1659,12600,3944,325,4365,720,4815,994
8,3,1675,1674,1675
9,9,1679,1679,768,768,768,1025,4813,768,1679
Gen-90
7,18,12600,920,2955,3604,230,12600,5554,6272,12600,768,1675,4309,100,1741,768,0,1671,5060
8,5,1675,1674,1675,864,768
9,7,1679,1679,1025,1004,1679,768,768
Gen-91
7,18,12600,3585,0,969,1675,1000,768,5529,1844,12600,4815,768,768,929,12600,5554,6272,12600
8,6,1675,768,1674,1675,864,768
9,6,3609,1679,1679,1025,4813,1679
Gen-92
7,21,12600,12600,750,768,12600,768,864,2885,768,3104,735,254,768,10,0,12600,1574,450,12600,6272,12600
9,9,1679,1679,1579,230,260,768,1679,934,1679
Gen-93
7,22,12600,12600,12600,12600,768,100,210,768,970,768,768,1654,768,10,768,254,990,768,1679,768,100,12600
9,8,450,1679,1579,1679,768,949,195,1679
Gen-94
7,23,12600,12600,12600,12600,2969,768,4803,10,3609,3619,5512,12600,768,768,1775,768,645,768,768,768,4814,1559,768
9,6,1579,105,1679,949,1926,1679
10,1,768
Gen-95
7,21,12600,12600,12600,12600,12600,665,1559,3964,3525,768,768,3085,864,5524,1004,768,1890,1050,1654,12600,1755
9,3,1579,949,1679
10,9,768,1679,1926,768,768,768,0,768,768
Gen-96
7,19,12600,12600,12600,12600,12600,919,768,725,4799,768,4085,249,768,2883,0,12600,2010,750,12600
9,5,1579,949,1856,10,1679
10,7,768,1679,1755,768,768,1045,1679
Gen-97
7,19,12600,3469,4814,768,768,768,12600,12600,12600,12600,1861,768,515,768,755,10,3479,990,768
9,5,1579,949,1856,10,1679
10,6,768,1679,12600,1045,1679,768
Gen-98
7,17,12600,10,768,3639,864,768,12600,655,768,645,764,3475,224,1554,12600,12600,12600
9,5,1579,949,768,10,1679
10,8,768,768,768,768,1679,1926,1045,1679
Gen-99
7,18,12600,12600,768,768,12600,1675,768,768,1005,3095,3968,924,768,0,768,12600,735,12600
9,5,1579,949,1856,10,1564
10,7,768,765,350,1679,1926,1045,1679
Gen-100
7,18,12600,12600,12600,12600,864,750,130,768,3475,768,12600,864,768,12600,864,645,990,12600
9,6,1579,768,949,1856,10,1679
10,6,768,768,1679,735,1045,1679
