Gen-0
1,30,0,130,0,0,130,580,335,610,0,0,0,0,0,0,645,0,0,0,0,0,0,645,0,0,55,10,0,55,10,680
Gen-1
1,30,610,580,645,645,680,260,645,0,130,645,1824,645,730,695,260,235,730,0,0,0,225,768,325,0,0,240,305,679,325,580
Gen-2
1,19,695,585,730,730,768,225,130,765,768,984,768,768,679,735,765,100,768,760,743
2,4,225,768,768,740
3,1,455
4,3,645,768,580
5,3,0,645,1840
Gen-3
1,10,645,984,768,768,768,772,645,768,765,768
2,6,225,768,768,768,740,755
3,5,585,768,0,0,0
4,5,645,768,580,1194,645
5,5,0,768,1840,768,645
6,2,768,768
Gen-4
1,3,768,768,768
2,7,768,768,768,740,755,645,1194
3,5,455,768,0,0,0
4,4,645,768,580,645
5,3,0,768,1840
6,10,768,984,768,772,768,645,768,195,768,768
Gen-5
1,5,768,768,768,768,768
2,6,768,768,768,755,1194,675
3,5,455,0,0,0,0
4,5,645,768,580,645,645
5,4,0,768,1840,1940
6,7,768,984,768,772,768,580,1580
Gen-6
1,5,768,768,768,768,768
2,5,768,768,768,755,1194
3,5,680,768,0,0,0
4,5,645,768,580,645,645
5,5,0,768,1840,1940,768
6,5,768,984,768,772,1580
Gen-7
1,5,768,768,768,768,768
2,5,768,768,768,755,1194
3,5,455,768,0,0,0
4,5,645,768,580,645,645
5,5,0,768,1840,1940,768
6,5,768,984,768,772,1580
Gen-8
1,5,768,768,768,768,768
2,5,768,768,768,755,1194
3,5,455,0,0,0,0
4,5,645,768,580,645,645
5,5,0,768,1840,1940,768
6,5,768,984,768,772,1580
Gen-9
1,5,768,768,768,768,768
2,5,768,768,768,755,1194
3,5,0,768,0,0,0
4,5,645,768,580,645,645
5,5,0,768,1840,1940,768
6,5,768,984,768,772,1580
Gen-10
1,5,768,768,768,768,768
2,5,768,768,768,755,1194
3,5,455,0,0,0,0
4,5,645,768,580,645,645
5,5,0,768,1840,1940,768
6,5,768,984,768,772,1580
Gen-11
1,5,768,768,768,768,768
2,5,768,768,768,755,1194
3,5,0,768,0,0,0
4,5,645,768,580,645,645
5,5,0,768,1840,1940,768
6,5,768,984,768,772,1580
Gen-12
1,5,768,768,768,768,768
2,5,768,768,768,755,1194
3,5,455,0,0,0,0
4,5,645,768,580,645,645
5,5,0,768,1840,1940,768
6,5,768,984,768,772,1580
Gen-13
1,5,768,768,768,768,768
2,5,768,768,768,755,1194
3,5,0,768,0,0,0
4,5,645,768,580,645,645
5,5,0,768,1840,1940,768
6,5,768,984,768,772,1580
Gen-14
1,5,768,768,768,768,768
2,5,768,768,768,755,1194
3,5,455,0,0,0,0
4,5,645,768,580,645,645
5,5,0,768,1840,1940,768
6,5,768,984,768,772,1580
Gen-15
1,5,768,768,768,768,768
2,5,768,768,768,755,1194
3,5,0,768,0,0,0
4,5,645,768,580,645,645
5,5,0,768,1840,1940,768
6,5,768,984,768,772,1580
Gen-16
1,5,768,768,768,768,768
2,5,768,768,768,755,1194
3,5,455,0,0,0,0
4,5,645,768,580,645,645
5,5,0,768,1840,1940,768
6,5,768,984,768,772,1580
Gen-17
1,5,768,768,768,768,768
2,5,768,768,768,755,1194
3,5,0,768,0,0,0
4,5,645,768,580,645,645
5,5,0,768,1840,1940,768
6,5,768,984,768,772,1580
Gen-18
1,6,768,768,768,768,768,768
2,6,768,768,768,755,1194,260
4,5,645,0,580,645,645
5,6,0,768,1840,1940,768,1135
6,6,768,984,768,772,1580,984
Gen-19
1,6,768,768,768,768,768,10
2,7,768,768,768,755,1140,224,185
5,10,768,1840,768,772,1940,768,1135,385,645,1125
6,6,768,984,1580,984,768,225
Gen-20
2,9,768,768,768,755,1135,610,768,768,260
5,11,1840,0,768,864,765,760,1135,864,1940,1135,1125
6,10,768,768,3524,768,768,984,772,1580,984,768
Gen-21
2,8,768,0,768,610,768,768,864,768
5,10,1840,1135,1125,1786,768,864,1875,1940,1135,1125
6,11,984,3524,768,864,768,768,1889,985,772,1580,984
Gen-22
5,16,1840,1135,1786,1875,1835,1135,768,768,1835,745,768,768,1040,1840,1840,1940
6,14,984,990,1889,985,1875,985,768,0,768,864,0,1840,290,1580
Gen-23
5,17,1840,1875,1840,1840,768,645,1810,645,768,645,744,768,768,768,768,768,1940
6,13,3524,1850,1875,1840,0,65,985,765,1815,768,864,10,1580
Gen-24
5,16,1840,1875,1840,1840,675,768,768,1045,768,864,1935,1835,195,0,768,768
6,14,3524,1889,1875,1840,1815,768,260,1886,0,995,1845,768,768,772
Gen-25
5,15,1840,1875,1840,1840,772,864,1866,0,1841,389,1125,864,1950,1004,1005
6,15,3524,1889,1875,1886,1845,765,645,0,0,0,55,1675,768,1965,645
Gen-26
5,16,1840,1875,1866,1841,1950,1005,1670,768,1135,1125,645,1135,755,610,645,679
6,14,650,1889,1875,1886,1965,760,0,768,768,768,675,1555,768,768
Gen-27
5,15,1840,675,1930,864,1671,1225,1005,768,975,768,1955,1875,1866,1841,1950
6,15,1555,769,1580,768,768,768,768,768,1889,1875,1886,679,768,1986,768
Gen-28
5,16,1875,1930,1955,260,768,768,768,1035,768,768,1904,1865,1920,768,1866,1950
6,14,1889,1580,0,165,0,768,768,768,260,1970,1875,768,1886,1965
Gen-29
5,17,1950,1930,1955,1904,1920,1125,674,260,768,1885,1865,975,768,735,768,1815,260
6,13,1889,1875,768,1815,3529,0,768,768,100,0,768,1886,1986
Gen-30
5,16,1950,1930,1955,1904,1920,460,768,768,195,1930,730,864,1125,1865,1100,975
6,14,1889,1875,265,0,944,1925,768,0,1671,768,100,1861,1886,1986
Gen-31
5,15,1950,1930,1955,1920,1930,768,1045,229,195,768,975,1840,768,768,1055
6,15,1889,1875,1925,768,1886,864,1835,1871,1891,0,768,984,445,1855,980
Gen-32
5,14,1950,1930,1065,1920,1930,1840,0,768,768,1836,768,1045,975,768
6,16,1889,1875,1925,1886,1891,240,0,768,0,939,740,768,1820,1889,1005,1889
Gen-33
5,15,1950,1005,768,768,768,768,0,1090,864,1930,768,1920,1930,1840,1040
6,15,1889,1899,1891,1889,1889,768,768,984,768,990,0,768,0,984,970
Gen-34
5,16,1950,1930,1040,768,768,975,768,1935,768,768,768,645,210,1920,1930,1840
6,14,1889,864,994,768,0,0,765,768,0,644,768,1891,1889,1889
Gen-35
5,17,1950,1930,1935,1920,1820,1050,999,975,768,864,768,768,100,765,1045,260,1930
6,13,1889,994,645,1675,1875,768,768,768,0,760,210,1889,1889
Gen-36
5,16,1950,1930,1935,1920,735,1005,1869,768,725,740,0,864,864,960,1065,1930
6,14,265,1675,1875,768,0,768,234,768,1840,768,768,225,1889,1889
Gen-37
5,17,1950,1930,1935,1920,1930,768,768,1105,1576,760,450,768,100,0,768,1856,765
6,13,1840,1675,1875,768,768,1886,1856,645,699,768,1964,1075,1889
Gen-38
5,15,768,1930,1935,1920,1930,675,1810,260,768,734,1840,768,210,259,645
6,15,1889,1875,1886,1856,1964,768,2978,975,768,768,768,1856,1965,768,1886
Gen-39
5,14,1920,1930,1896,1930,1840,929,1840,1866,768,768,1045,768,1935,700
6,16,1889,768,1886,1964,645,2978,1965,768,1815,765,1005,768,768,768,768,768
Gen-40
5,15,1920,1930,1125,768,995,580,1840,864,0,765,1840,768,1935,1930,1935
6,15,1889,765,768,960,1886,975,0,768,768,920,864,1886,1964,768,1965
Gen-41
5,16,1920,1930,1935,1035,695,768,959,740,1546,1875,760,679,740,1841,1930,1935
6,14,1889,1886,1890,1964,1025,985,974,1919,755,768,1850,1886,1964,768
Gen-42
5,15,1920,1930,1851,1040,125,1855,768,0,755,935,1840,740,758,1930,1935
6,15,1889,1890,1964,1919,1886,768,768,768,1889,1815,768,1889,1005,0,1964
Gen-43
5,9,1920,1930,1855,959,768,768,1841,170,0
6,16,1889,1890,1964,1919,1886,0,765,768,765,1964,0,155,0,1579,760,760
7,5,1040,768,645,1135,1930
Gen-44
5,10,1920,1930,1855,959,1841,260,165,768,1095,864
6,11,1889,1890,760,1919,1964,768,0,768,768,1841,768
7,8,1040,768,645,1135,1930,1010,768,768
8,2,3104,975
Gen-45
5,8,1920,1930,1855,1841,1095,0,864,165
6,7,1889,1964,1841,768,1679,768,864
7,7,1040,768,1135,864,1010,768,768
8,9,3104,1890,1919,975,768,768,768,1856,768
Gen-46
5,7,1920,1930,1855,1841,1095,975,772
6,8,1889,1964,1841,1679,864,1909,1964,765
7,6,1040,768,768,1930,1010,864
8,8,3104,1890,1919,975,768,1856,1850,100
Gen-47
5,8,1920,1930,1855,1841,1095,10,1865,10
6,9,1889,768,768,768,1964,1841,1909,1964,975
7,5,1040,768,768,1010,864
8,9,3104,1890,1919,1856,1850,768,1005,1886,768
Gen-48
5,7,1920,740,10,1930,1855,1841,1865
6,8,1889,768,768,768,1964,1841,1909,1964
7,6,768,950,768,1930,1010,864
8,10,3104,1891,760,768,995,0,1890,1919,1856,1886
Gen-49
5,8,1920,1930,1670,1135,325,1855,1841,1865
6,9,1889,0,1925,0,1881,1964,1841,1909,1964
7,5,1040,950,5,1010,864
8,9,3104,1891,1890,985,1890,768,759,1919,1886
Gen-50
5,8,1920,1930,768,1655,755,1855,1841,1865
6,6,1889,1925,768,1964,1909,1964
7,5,768,950,1930,1010,864
8,11,3104,1891,1890,1890,975,1675,1919,979,949,768,1870
Gen-51
5,8,1920,1930,225,1005,195,1855,1841,1865
6,8,1889,1925,768,768,1060,1964,1909,1964
7,5,1040,950,1880,1010,864
8,9,3104,1891,1890,1890,1919,1679,768,1964,0
Gen-52
5,7,1920,1930,1855,985,1840,1841,1865
6,9,1889,1925,1676,1579,768,768,1964,1909,1964
7,6,1040,950,1830,1070,1010,864
8,8,3104,1891,1890,1919,1964,768,768,1841
Gen-53
5,8,1920,1930,1855,0,1840,165,1841,1865
6,7,1889,1925,768,768,1964,1909,1964
7,5,1040,950,1851,1930,1010
8,10,3104,1891,1890,1919,1964,768,768,768,1004,1679
Gen-54
5,7,1920,1930,1855,130,1841,975,1865
6,8,1889,1925,768,768,1964,768,1909,1964
7,6,1040,950,1830,768,1689,1010
8,9,3104,1891,1890,1919,1964,1880,1880,1889,768
Gen-55
5,8,1920,1930,1855,1841,0,730,1125,1865
6,7,1889,1925,1580,1964,1000,1909,1964
7,5,1040,950,768,1930,1010
8,10,3104,1891,1890,1919,1964,768,755,1889,1870,975
Gen-56
5,7,1920,1930,1855,1841,1025,1895,1865
6,7,1889,1925,1964,768,1856,1909,1964
7,6,1040,950,1830,985,580,1010
8,10,3104,1891,1890,1919,1964,1880,3968,1840,768,1964
Gen-57
5,8,1920,1930,1855,1895,975,759,1870,1865
6,7,1889,1925,1964,772,990,1909,1964
7,5,1040,950,1866,1930,1010
8,11,3104,1919,1964,3968,1964,768,0,1579,768,768,768
Gen-58
5,7,1920,1930,1895,1870,735,768,1865
6,7,1889,1925,1964,1845,1679,1909,1964
7,6,1040,950,1830,768,1010,1045
8,10,3104,1919,1964,3968,1964,1841,3104,130,768,768
Gen-59
5,8,1920,1930,1895,1870,260,768,1840,1865
6,8,1889,1925,1964,768,1909,1964,765,0
7,5,1040,950,768,1010,1045
8,9,3104,1964,3968,1964,1815,3104,768,768,768
Gen-60
5,7,1920,1125,864,1930,1895,1870,1865
6,6,1889,1925,1964,1909,1964,768
7,5,1040,950,1830,1010,768
8,11,3104,1135,768,1936,768,768,1964,3968,1964,3104,1870
Gen-61
5,8,1920,165,1930,1025,768,1895,1870,1865
6,7,1889,1856,985,1925,1964,1909,1964
7,5,1040,950,768,1010,1045
8,10,3104,0,768,1841,1684,768,1964,3968,1964,3104
Gen-62
5,7,1920,1930,709,768,1895,1870,1865
6,8,1889,1925,768,768,1964,1964,1909,1964
7,5,1040,950,1830,1010,768
8,9,3104,768,1580,1676,1860,1964,3968,1964,3104
Gen-63
5,6,1920,1930,0,1895,1870,1865
6,8,1909,1925,1964,0,768,1964,1964,1964
7,5,1040,950,1870,1010,1045
8,10,3104,768,768,768,768,768,864,1964,3968,3104
Gen-64
5,7,1920,1930,260,960,1895,1870,1865
6,7,1964,1925,1964,768,768,1964,1964
7,6,1040,950,768,864,1010,1045
8,9,3104,864,1964,768,864,1005,768,3968,3104
Gen-65
5,8,1920,1930,990,10,260,1895,1870,1865
6,8,1964,1925,1964,1856,65,768,1964,1964
7,5,1040,950,1830,1010,768
8,10,3104,1964,1005,949,1850,768,3887,768,3968,3104
Gen-66
5,7,1920,1930,200,768,1895,1870,1865
6,7,1964,1925,1964,768,0,1964,1964
7,6,1040,950,768,944,1010,1045
8,11,3104,1964,3887,768,864,768,1679,1815,1905,3968,3104
Gen-67
5,8,1920,1930,0,0,1791,1895,1870,1865
6,8,1964,1925,1964,1964,768,768,1964,1964
7,5,1040,950,944,1010,1910
8,10,3104,1964,3887,1956,768,1886,768,1004,3968,3104
Gen-68
5,7,1920,1930,1130,768,1895,1870,1865
6,7,1964,1964,1964,1856,1676,1964,1964
7,6,1040,950,944,755,1010,1009
8,11,3104,1964,3887,0,768,768,768,1885,3968,864,3104
Gen-69
5,8,1920,1930,1895,10,1035,1130,1870,1865
6,8,1964,1964,1964,1005,1964,1856,1030,1964
7,5,864,950,944,1010,1045
8,10,3104,1964,3887,3968,768,768,864,768,768,3104
Gen-70
5,7,1920,1930,1895,0,1870,1055,1865
6,9,1964,1964,1964,1964,768,1886,1890,1889,1964
7,5,1040,950,944,1010,768
8,9,3104,1964,3887,3968,768,3104,755,768,759
Gen-71
5,8,1920,1930,1895,1870,1870,864,768,1865
6,8,1964,1964,1964,1964,768,768,1889,1964
7,5,768,950,944,1010,1045
8,10,3104,1964,3887,3968,3104,1130,768,1579,1579,768
Gen-72
6,10,1964,1964,1964,1964,1964,1890,768,645,0,1880
7,5,1040,950,944,1010,768
8,15,3104,768,949,1579,768,1135,768,1679,1964,3887,3968,3104,768,1579,1964
Gen-73
6,13,1689,768,768,1025,1856,1959,1889,0,768,1964,1964,1964,1964
8,17,3104,768,768,768,768,1004,768,864,768,768,768,645,0,1964,3887,3968,3104
Gen-74
6,14,1964,1959,5,0,768,768,768,768,768,1856,648,768,1964,1964
8,16,3104,768,864,768,768,1964,768,755,1579,768,1856,768,1125,3887,3968,3104
Gen-75
6,13,1135,1959,1856,768,1979,768,768,1881,0,3104,0,1964,1964
8,17,3104,1964,3887,1911,768,949,768,1580,1579,768,3968,5505,768,768,1679,3968,3104
Gen-76
6,12,1964,1959,1979,1689,984,984,1964,768,768,768,1670,0
8,18,3104,3887,3968,5505,0,1845,864,1581,768,2954,0,645,768,768,0,768,768,3968
Gen-77
6,13,1964,1959,768,3104,1964,0,1964,768,0,768,3968,768,0
8,17,3104,3887,3968,5505,3968,768,768,864,1579,768,768,0,1881,1125,768,1675,768
Gen-78
6,12,1964,3104,1964,1964,768,1005,768,768,768,3968,768,768
8,18,3104,3887,3968,5505,3968,768,2688,1004,975,0,1004,768,759,768,4364,768,768,1125
Gen-79
6,13,1964,1843,0,1579,1850,1911,768,0,3104,1964,1964,1135,768
8,17,3887,768,1676,768,0,768,1125,5525,768,768,195,768,768,3968,5505,3968,4364
Gen-80
6,12,1964,1911,768,1676,768,768,1675,768,768,768,1964,1964
8,18,4364,5525,768,768,864,610,1856,768,768,1675,768,1579,768,768,1889,3968,5505,3968
Gen-81
6,11,1899,1911,1676,1964,1886,1889,0,1964,768,1964,1964
8,19,4364,5525,1965,1580,768,768,1845,1966,768,1861,768,1886,768,768,768,324,3968,5505,3968
Gen-82
6,12,1911,329,1964,768,985,1884,0,2955,768,1964,55,1964
8,18,4364,5525,3968,5505,1881,975,768,1815,768,1675,1891,768,768,1579,768,610,3968,3968
Gen-83
6,11,1911,1964,3968,1964,768,313,768,1929,975,3142,1964
8,19,4364,5525,3968,5505,3968,768,1766,1055,768,1580,0,1579,768,759,768,3513,768,1579,1679
Gen-84
6,12,1689,1964,1964,3142,1964,769,770,768,260,1675,768,0
8,18,4364,5525,3968,5505,3968,755,768,768,0,2955,768,768,740,975,3968,1579,1675,645
Gen-85
6,11,2955,1403,1964,1964,650,1964,768,975,768,768,645
8,19,4364,2954,1886,768,768,768,1890,768,768,1579,1965,768,5525,3968,5505,3968,768,768,768
Gen-86
6,10,768,768,0,768,768,740,1964,1403,1964,1964
8,20,4364,5525,755,1774,768,969,1025,768,4814,929,768,768,1581,768,768,768,768,3968,5505,3968
Gen-87
6,11,2955,1403,768,768,1964,768,1964,1886,768,1964,1964
8,19,4364,5525,4814,325,1576,768,768,768,1629,1821,1004,768,768,1684,1965,768,759,3968,5505
Gen-88
6,12,768,1964,1964,1856,0,768,768,1964,768,768,1964,1964
8,18,4364,5525,4814,5505,768,3654,1866,3968,5505,1675,768,768,1035,768,1579,645,1125,975
Gen-89
6,11,1964,985,1964,1964,768,1845,768,760,768,0,1964
8,19,4364,5525,4814,5505,5505,768,1005,768,1680,768,610,768,3968,55,1881,3968,768,768,1675
Gen-90
6,10,1685,1964,1964,1845,1964,760,1679,768,1920,768
8,20,4364,5525,4814,5505,5505,5525,1856,768,1951,1866,768,675,1866,1675,768,5525,768,980,934,768
Gen-91
6,9,1964,768,1964,1845,1920,1889,1679,1856,768
8,21,5505,768,768,768,5525,5505,5525,5525,1679,768,3484,768,5505,768,768,1581,0,1826,768,768,759
Gen-92
6,11,768,1676,165,768,768,1881,768,1964,1920,1889,1856
8,19,5505,1775,1675,979,259,5525,1679,768,1679,768,1579,768,1579,1004,1579,2955,5505,5525,5525
Gen-93
6,10,1920,1881,768,768,768,768,768,2965,1889,1856
8,20,5505,5525,768,1045,1675,768,768,768,1870,1831,1684,1631,1025,1836,355,768,768,5505,5525,5525
Gen-94
6,11,1920,1881,768,1856,975,768,768,0,768,1889,1856
8,19,5505,5525,768,1675,1579,5525,1775,768,1889,768,5505,768,1676,675,5525,1691,0,5525,5525
Gen-95
6,10,5,1881,1856,768,768,768,768,1835,1889,1856
8,20,5525,5525,5525,768,768,768,1675,768,768,324,768,768,725,0,1965,1546,768,768,5525,5525
Gen-96
6,11,1835,1881,1856,1856,768,768,768,1856,768,768,1856
8,19,5525,5525,5525,768,768,768,768,768,768,768,5525,768,1886,1675,768,1675,1675,768,5525
Gen-97
6,10,1856,768,1856,1856,1846,1889,768,768,768,1856
8,20,5525,3968,5525,5525,5525,5525,1580,768,699,768,768,768,768,5525,1675,1886,768,1675,768,768
Gen-98
6,9,1856,1856,1856,768,1856,768,0,0,0
8,21,5525,5525,0,768,0,0,768,768,1856,5525,1861,768,768,768,1004,768,5525,5525,5525,5525,768
Gen-99
6,8,768,768,768,0,1856,1856,1889,1856
8,22,5525,5525,5525,768,768,768,1856,1675,768,1856,768,768,1100,5525,1579,1574,3968,768,1580,165,5525,5525
Gen-100
6,9,1856,225,0,989,1025,1856,1856,170,1856
8,21,5525,5525,5525,5525,3968,609,225,768,768,768,768,768,768,768,1870,768,5525,0,1679,1856,1870
