Gen-0
1,30,35,10,224,0,768,0,0,0,450,0,0,0,0,75,130,0,0,65,0,0,0,0,0,0,10,0,5,0,0,10
Gen-1
1,12,450,224,130,0,719,755,0,0,0,0,0,225
2,15,15,75,0,580,0,450,165,465,100,65,65,0,0,0,720
3,3,260,699,224
Gen-2
1,13,705,450,165,755,225,720,0,700,165,420,680,705,768
2,5,580,545,740,760,768
3,12,260,0,719,465,699,224,768,165,75,0,250,734
Gen-3
1,11,705,719,720,705,768,768,740,65,730,705,768
2,8,580,545,740,760,768,760,450,0
3,9,734,755,465,699,734,768,0,0,0
4,1,0
5,1,768
Gen-4
1,10,768,755,768,740,730,768,960,768,740,768
2,5,580,740,760,760,165
3,6,768,699,734,768,768,1820
4,5,768,0,130,0,0
5,7,768,768,864,768,768,768,768
Gen-5
1,8,768,768,768,960,768,985,105,1110
2,5,580,740,760,760,165
3,6,768,734,768,768,1820,3204
4,5,768,0,130,0,0
5,7,768,768,864,768,768,768,65
Gen-6
1,6,768,768,960,985,1110,755
2,5,580,740,760,760,165
3,8,768,768,768,1820,3204,259,980,515
4,5,3204,0,130,0,0
5,5,768,768,864,768,768
Gen-7
1,7,768,768,960,985,1110,1840,557
2,5,580,740,515,760,165
3,8,768,768,1820,3204,980,1009,735,195
4,5,0,0,130,0,0
5,6,768,768,864,768,768,768
Gen-8
1,7,768,960,985,1110,1840,755,2348
2,5,580,740,760,760,165
3,8,768,1820,3204,980,1009,720,768,10
4,5,0,0,200,0,0
5,6,768,768,864,768,768,760
Gen-9
1,7,960,680,710,985,1110,1840,2348
2,5,580,740,760,760,165
3,8,768,765,3264,1820,3204,980,1009,735
4,5,0,0,15,0,0
5,6,768,768,864,768,768,768
Gen-10
1,7,960,680,675,985,1110,1840,2348
2,5,580,740,760,760,165
3,9,1820,3264,745,745,450,10,3204,980,1009
4,5,0,0,715,0,0
5,5,768,768,864,768,768
Gen-11
1,7,960,960,768,985,1110,1840,2348
2,5,580,740,760,760,165
3,9,1820,3264,55,0,365,768,3204,980,1009
4,5,0,0,10,0,0
5,5,768,768,864,768,768
Gen-12
1,7,960,755,995,985,1110,1840,2348
2,5,580,740,760,760,165
3,9,1820,3264,3090,55,0,0,3204,980,1009
4,5,0,0,768,0,0
5,5,768,768,864,768,768
Gen-13
1,7,985,995,720,695,1110,1840,2348
2,5,580,740,760,760,165
3,9,1820,3264,3090,355,0,750,7339,3204,1009
4,5,0,0,1000,0,0
5,5,768,768,864,768,768
Gen-14
1,7,985,995,1000,0,1110,1840,2348
2,5,580,740,760,760,165
3,10,1820,3264,3090,7339,710,705,0,924,1835,3204
4,5,0,0,7349,0,0
5,5,768,768,864,768,768
Gen-15
1,5,1110,995,1000,1840,2348
2,5,580,740,1840,760,165
3,10,3204,3264,3090,7339,1835,768,760,768,768,864
4,5,0,0,130,0,0
5,5,768,768,864,768,768
Gen-16
1,6,1110,995,1000,680,1840,2348
2,5,580,740,760,760,165
3,10,3204,3264,3090,7339,1835,740,5257,0,145,765
4,5,0,0,864,0,0
5,5,768,768,864,768,768
Gen-17
1,6,1110,995,1000,730,1840,2348
2,5,580,740,760,760,165
3,11,3204,3264,3090,7339,5257,768,768,225,768,709,0
4,5,0,0,768,0,0
5,5,768,768,864,768,768
Gen-18
1,6,1110,995,1000,684,1840,2348
2,5,580,740,760,760,165
3,11,3204,3264,3090,7339,5257,4145,450,740,768,260,225
4,5,0,0,0,0,0
5,5,768,768,864,768,768
Gen-19
1,6,1110,995,1000,1045,1840,2348
2,5,580,740,760,760,165
3,11,3204,3264,7339,5257,4145,1005,768,864,0,768,768
4,5,225,0,130,0,0
5,5,768,768,864,768,768
Gen-20
1,6,1110,1000,1045,713,1840,2348
2,5,580,740,760,760,165
3,11,3204,3264,7339,5257,4145,768,0,864,765,225,0
4,5,768,0,130,0,0
5,5,768,768,864,768,768
Gen-21
1,6,1110,1000,1045,985,1840,2348
2,5,580,740,760,760,165
3,11,3204,3264,7339,5257,4145,0,768,945,130,768,0
4,5,0,0,130,0,0
5,5,768,768,864,768,768
Gen-22
1,8,1110,1000,1045,768,680,2443,1840,2348
2,5,580,740,760,760,165
3,13,3204,3264,7339,5257,4145,1021,768,768,1115,768,768,0,768
4,5,0,0,0,0,0
Gen-23
1,8,1110,1045,2443,1045,874,745,1840,2348
2,5,580,740,760,760,165
3,13,3204,3264,7339,5257,4145,768,915,2096,705,765,500,768,3948
4,5,768,0,130,0,0
Gen-24
1,8,1110,1045,2443,2443,768,769,1840,2348
2,5,580,740,760,760,165
3,13,7339,3264,5257,4145,3948,768,0,1025,755,768,990,740,1820
4,5,3953,0,130,0,0
Gen-25
1,8,1110,2443,2443,1000,1840,2607,2622,2348
2,5,580,740,1825,760,165
3,13,7339,3264,5257,4145,365,3948,705,765,768,864,450,768,768
4,5,0,0,130,0,0
Gen-26
1,9,2348,768,2443,2443,2607,2622,720,720,768
2,5,580,740,760,760,165
3,12,7339,3264,925,864,740,1855,3331,975,768,5257,4145,3948
4,5,0,0,768,0,0
Gen-27
1,9,2348,768,768,759,985,2443,2443,2607,2622
2,5,580,740,760,760,165
3,12,7339,3331,0,928,768,768,750,715,768,5257,4145,3948
4,5,0,0,768,0,0
Gen-28
1,9,2348,730,974,730,1110,2443,2443,2607,2622
2,5,580,740,760,760,165
3,12,7339,3331,1825,768,734,768,210,0,6610,5257,4145,3948
4,5,0,0,768,0,0
Gen-29
1,9,2348,768,1110,768,768,2443,2443,2607,2622
2,5,580,740,760,760,165
3,12,7339,6610,1001,765,0,747,1120,10901,1855,5257,4145,3948
4,5,0,0,6610,0,0
Gen-30
1,9,2348,768,35,975,0,2443,2443,2607,2622
2,5,580,740,1860,760,165
3,16,7339,6610,10901,5257,0,985,745,0,768,0,864,740,4145,740,2428,225
Gen-31
1,10,2348,0,1050,745,1858,985,2443,2443,2607,2622
2,5,580,740,230,760,165
3,15,7339,6610,10901,5257,4145,5563,768,765,768,1643,768,864,925,1855,768
Gen-32
1,9,2348,3979,755,768,768,2443,2443,2607,2622
2,5,580,740,760,768,165
3,16,7339,6610,10901,5257,5563,768,3275,768,995,935,0,715,768,768,2536,1000
Gen-33
1,10,2443,3979,768,2348,768,768,705,2443,2607,2622
2,5,580,740,760,1010,165
3,15,7339,6610,10901,5257,5563,980,935,0,10,995,768,900,0,0,768
Gen-34
1,10,2443,3979,1840,720,2443,768,730,2348,2607,2622
2,5,580,740,760,768,165
3,15,7339,6610,10901,5257,5563,100,0,744,25,2338,864,760,10,0,768
Gen-35
1,10,2443,3979,1125,2443,2607,2622,768,1840,1840,1030
2,5,580,740,760,768,165
3,15,7339,740,3301,768,6610,10901,5257,5563,740,768,1020,9312,325,10,0
Gen-36
1,10,2443,768,2592,768,990,734,3979,2443,2607,2622
2,5,580,740,760,768,165
3,15,7339,1840,1840,1840,768,768,420,740,0,260,225,6610,10901,5563,9312
Gen-37
1,10,2443,2592,730,1815,768,745,990,3979,2607,2622
2,5,580,740,760,225,165
3,15,7339,745,0,980,450,768,6610,195,740,750,0,919,10901,5563,9312
Gen-38
1,10,2443,2592,1865,1040,2607,768,2638,3979,2607,2622
2,5,580,740,919,760,165
3,15,7339,6610,734,10901,768,985,233,768,0,0,0,0,1990,5563,9312
Gen-39
1,10,2607,2607,2638,290,768,768,330,3375,3979,2622
2,5,580,740,1995,760,165
3,15,7339,6610,10901,8952,740,735,0,0,768,5563,768,1055,0,768,9312
Gen-40
1,9,2607,2638,3375,1840,768,2443,768,3979,2622
2,5,580,740,768,760,165
3,16,7339,6610,10901,8952,0,768,195,3873,10,950,3239,768,195,0,985,9312
Gen-41
1,9,2607,2638,3375,3979,768,1830,260,0,2622
2,5,580,740,995,760,165
3,16,7339,6610,10901,8952,768,990,1053,705,0,760,768,768,768,1920,0,9312
Gen-42
1,9,2607,2638,3375,3979,975,0,768,2443,2622
2,5,580,740,0,760,165
3,16,7339,6610,10901,8952,2684,225,772,0,1840,1840,0,290,2543,0,8212,9312
Gen-43
1,9,2607,2638,3375,3979,768,7320,735,768,2622
2,5,580,740,760,8222,165
3,16,7339,10901,8952,460,1840,8212,995,1820,239,2439,768,768,768,768,765,9312
Gen-44
1,10,3979,2443,2638,3375,7320,730,2622,2629,2443,720
2,6,580,740,760,768,165,755
3,14,7339,0,0,1045,6763,4923,768,905,899,2443,10901,8952,8212,9312
Gen-45
1,11,3979,3060,2607,975,768,768,768,2638,3375,7320,2629
2,5,580,740,760,2453,755
3,15,7339,735,768,5,745,420,0,10723,765,0,1820,10901,8952,8212,9312
Gen-46
1,10,3979,3060,2719,709,915,768,755,2638,3375,7320
2,5,580,740,760,1825,755
3,15,10901,7527,705,768,730,768,490,765,768,768,7468,195,8952,8212,9312
Gen-47
1,10,3979,3060,2719,2447,709,768,695,2443,3375,7320
2,5,580,740,760,200,755
3,15,10901,10723,0,730,980,65,768,6614,8952,0,765,1005,768,8212,9312
Gen-48
1,10,3979,3060,2719,3375,2327,1855,995,975,2348,7320
2,5,580,740,768,760,755
3,15,10901,7367,8952,975,2601,768,65,768,905,155,65,768,205,8212,9312
Gen-49
1,11,3979,3060,2719,3375,1820,768,709,0,675,768,7320
2,5,580,740,205,760,755
3,14,10901,10723,8952,768,1825,768,0,0,768,10,2916,980,8212,9312
Gen-50
1,10,3979,3060,2719,3375,3376,959,768,768,3382,7320
2,5,580,740,760,990,755
3,15,10901,7357,8952,225,765,7478,765,768,115,0,730,990,0,8212,9312
Gen-51
1,10,3979,3375,3376,3382,1840,768,768,3293,3196,7320
2,5,580,740,760,0,755
3,15,10901,8952,7478,3984,8212,768,0,2533,768,0,515,195,768,765,9312
Gen-52
1,11,3979,3375,3376,3382,7320,985,994,768,0,729,995
2,5,580,740,768,760,755
3,14,10901,768,725,10,768,8952,7478,0,8212,1935,9312,2463,195,1820
Gen-53
1,10,3979,0,975,4248,6795,765,3375,3376,3382,7320
2,5,580,740,768,760,755
3,15,10901,764,768,768,1040,768,730,768,100,768,745,8952,7478,8212,9312
Gen-54
1,12,3979,4248,6795,3089,995,768,4254,729,729,65,3382,7320
2,5,580,740,745,760,755
3,14,10901,2614,4180,765,768,2348,768,10,768,864,8952,7478,8212,9312
Gen-55
1,11,3979,4248,6795,4254,0,675,705,740,265,1105,7320
2,5,580,740,760,864,755
3,15,10901,1044,0,768,0,0,225,0,768,450,120,8952,7478,8212,9312
Gen-56
1,12,3979,4248,6795,4254,755,768,645,2433,768,65,0,7320
2,5,580,740,760,120,755
3,14,10901,8952,195,4917,0,1040,65,0,929,1840,975,7478,8212,9312
Gen-57
1,11,3979,4248,6795,4254,20,705,0,2975,768,768,7320
2,5,580,740,985,760,755
3,15,10901,8952,6885,225,768,65,0,0,1810,220,0,765,7478,8212,9312
Gen-58
1,11,3979,4248,6795,4254,730,768,975,735,334,2619,7320
2,5,580,740,768,760,755
3,15,10901,8952,924,995,1105,864,7478,7338,980,8847,3036,4288,975,8212,9312
Gen-59
1,11,3979,4248,6795,4254,675,768,6552,695,2597,0,985
3,19,10901,8952,8847,0,744,0,8212,1835,180,2659,768,768,3269,0,980,0,160,2348,9312
Gen-60
1,13,3979,4248,2358,4254,6552,705,10421,730,1055,0,768,768,180
3,17,10901,0,100,768,60,768,0,2096,1000,768,1825,8952,9312,8847,8212,966,1840
Gen-61
1,14,3979,4248,744,750,768,768,6795,768,730,645,1130,4254,6552,1835
3,16,10901,768,7320,465,1125,6944,768,709,0,735,704,1815,8952,8847,8212,9312
Gen-62
1,12,3979,4248,1825,4254,689,695,768,5,225,0,329,6552
3,18,10901,0,765,8576,130,768,0,0,0,768,0,710,768,768,8952,8847,8212,9312
Gen-63
1,11,3979,4248,6795,4254,768,768,5190,0,95,768,768
3,19,10901,8576,8952,0,65,0,485,768,9344,768,864,0,1005,755,0,768,729,8847,9312
Gen-64
1,12,3979,4248,739,4254,5190,704,760,720,1830,1025,3211,765
3,18,10901,8952,9344,3753,0,768,719,1825,1100,6557,919,768,768,760,0,1109,8847,9312
Gen-65
1,11,3979,4248,4254,1114,3211,684,679,744,0,815,6200
3,19,10901,8952,9344,8847,0,6077,0,0,4293,610,960,515,1840,0,1690,768,768,705,9312
Gen-66
1,12,3979,4248,4254,3211,710,334,735,675,3185,0,0,709
3,18,10901,2512,0,3953,8952,9344,8847,420,3391,768,768,768,924,10,9312,1825,0,65
Gen-67
1,11,3979,768,0,35,4248,6809,729,768,0,3211,3185
3,19,10901,768,929,0,768,10,768,925,695,1840,729,714,768,2418,225,8952,9344,8847,9312
Gen-68
1,12,3979,225,4248,864,259,675,695,289,768,975,3211,3185
3,18,10901,3211,768,768,0,0,1825,768,765,765,695,725,765,7315,8952,9344,8847,9312
Gen-69
1,11,3979,7325,975,2584,710,768,768,10,769,3211,3185
3,19,10901,735,768,0,10,740,8952,768,864,765,955,745,0,768,9344,768,768,8847,9312
Gen-70
1,12,3979,768,2584,768,720,735,329,768,5,695,3211,3185
3,18,10901,8952,9344,768,729,1005,195,985,930,2347,0,5,768,0,1665,3377,8847,9312
Gen-71
1,11,3387,4248,2584,3211,3206,0,768,768,695,679,3185
3,19,10901,8952,9344,975,1825,768,420,90,768,8847,768,485,0,1065,0,729,0,768,9312
Gen-72
1,12,3979,768,3211,3206,3597,768,55,975,768,0,6795,3185
3,18,10901,8952,9344,768,8847,768,0,768,0,735,740,0,768,0,768,2674,0,9312
Gen-73
1,13,3979,0,709,929,3211,3206,3597,5,995,768,1890,8576,6795
3,17,10901,768,768,6651,768,768,768,768,100,768,0,768,735,8952,9344,8847,9312
Gen-74
1,12,3979,1830,768,768,768,1005,768,709,3211,3597,735,6795
3,18,10901,420,0,10958,6600,225,1125,768,75,768,1075,200,768,768,8952,9344,8847,9312
Gen-75
1,11,3979,1830,6795,0,2443,768,1840,768,3211,3597,768
3,19,10901,10958,2609,1840,5400,768,195,0,1040,768,929,768,3211,765,8952,768,768,9344,9312
Gen-76
1,12,3979,768,2443,768,0,768,1840,720,2443,4130,3211,3597
3,18,10901,10958,8952,768,3377,9344,768,1830,765,768,768,768,0,768,260,1105,768,9312
Gen-77
1,11,3979,2443,768,768,3211,677,768,768,980,725,3597
3,19,10901,10958,8952,9344,1840,160,4145,768,1005,768,768,765,1830,975,0,0,215,1125,9312
Gen-78
1,10,1135,2443,3211,980,735,768,768,768,0,3597
3,20,10901,10958,8952,9344,768,768,0,0,768,260,768,0,3357,768,325,0,729,985,1054,9312
Gen-79
1,9,3979,2443,3211,980,1064,680,1015,768,768
3,21,10901,768,768,1840,0,0,3934,439,10958,8952,9344,768,0,2589,10958,0,768,9312,130,966,0
Gen-80
1,10,3934,709,1125,268,2402,768,2443,3211,3597,1015
3,20,10901,0,0,0,5779,1005,768,0,260,1000,768,975,1075,10958,3206,1665,768,9344,10958,9312
Gen-81
1,11,768,2402,0,2443,2348,6066,730,768,2443,3211,3597
3,19,10901,10958,765,1025,2609,768,980,768,0,0,1840,700,1100,8576,1840,959,9344,10958,9312
Gen-82
1,12,2443,2443,960,35,120,135,730,145,768,85,3211,3597
3,18,10901,10958,229,1840,1825,4024,0,0,10958,745,9344,0,1845,768,1005,1825,10958,9312
Gen-83
1,9,2443,2443,6066,720,120,989,3211,3211,1835
3,21,10901,10958,10958,9344,768,768,975,768,1105,1040,768,768,1835,990,768,768,768,768,420,768,10958
Gen-84
1,11,2443,2443,768,3211,3211,120,145,768,3994,3300,1005
3,19,10901,10958,10958,9344,765,975,768,3392,768,768,768,768,764,730,2348,768,768,425,10958
Gen-85
1,10,2443,3211,3211,430,3300,765,765,720,5,438
3,20,10901,0,10958,10958,9344,768,0,768,768,768,1025,10958,1130,768,760,10958,945,768,10958,1125
Gen-86
1,9,2443,4702,65,3211,3211,1130,765,1840,700
3,21,10958,960,768,0,1865,768,768,4165,1000,768,0,10112,768,240,1005,1870,768,10958,10958,10958,10958
Gen-87
1,10,2443,768,768,0,7490,10,768,3211,3211,1840
3,20,10958,1840,4180,995,975,768,925,705,10958,768,729,9344,975,768,768,1985,10958,10958,10958,10958
Gen-88
1,9,2443,1995,768,735,165,768,3211,3211,1840
3,21,10958,10958,253,768,1005,864,970,768,0,1970,1810,768,1005,768,765,1125,7348,1055,10958,10958,10958
Gen-89
1,10,2443,7490,768,1005,768,120,768,1065,3211,1840
3,20,10958,10958,10958,260,768,1855,65,975,768,0,768,1950,768,768,10958,729,230,768,10958,10958
Gen-90
1,11,2443,768,3211,3211,100,768,0,768,768,768,1840
3,19,10958,10958,10958,10958,768,1835,768,0,768,245,768,2443,864,1005,993,9344,768,768,10958
Gen-91
1,9,2443,7490,768,3211,1005,1005,768,768,1840
3,21,10958,10958,10958,10958,768,0,760,768,975,1105,768,1825,2443,1055,7573,1100,975,1860,3281,10958,100
Gen-92
1,10,2443,100,1840,3211,1005,320,768,0,1125,3382
3,20,10958,768,65,0,13174,1105,768,1820,1840,65,0,10958,10958,10958,10958,768,130,768,864,768
Gen-93
1,2,2443,1840
3,21,10958,13174,768,9344,768,768,768,985,1815,0,768,768,768,7563,1825,2512,768,10958,0,10958,10958
6,7,165,7315,0,768,3211,1125,0
Gen-94
1,5,2443,735,330,0,1840
3,19,10958,13174,10958,0,768,960,768,1840,768,768,9344,975,355,10958,768,768,768,10958,10958
6,6,165,0,768,1050,3211,1125
Gen-95
1,5,2443,735,330,0,1840
3,20,10958,13174,10958,10958,975,1845,975,10958,760,975,768,730,929,768,22584,10958,975,1840,0,0
6,5,165,768,1050,768,1125
Gen-96
1,5,2443,735,330,0,1840
3,20,10958,13174,10958,10958,22584,755,768,130,768,1005,65,3979,768,2439,1840,768,768,1005,0,975
6,5,165,768,1050,3211,5
Gen-97
1,6,2443,735,330,0,768,1840
3,20,10958,13174,10958,10958,22584,768,768,0,1049,0,1045,768,768,3090,7563,768,768,705,974,35
6,5,165,768,1050,985,1125
Gen-98
1,5,2443,735,330,768,1840
3,20,10958,13174,10958,10958,22584,0,8117,249,65,1000,705,10958,4145,8576,155,165,1100,965,1005,0
6,5,165,768,1050,3211,35
Gen-99
1,5,2443,735,330,768,1840
3,20,10958,13174,920,10958,10958,22584,765,0,1845,768,0,768,768,755,985,225,768,2654,155,990
6,5,165,768,1050,0,1125
Gen-100
1,6,2443,1840,735,330,768,735
3,20,10958,1005,6940,1005,13174,120,6176,768,2423,1125,230,1845,745,975,10958,10958,22584,225,984,3979
6,5,165,768,1050,3211,1000
