Gen-0
1,16,485,0,0,0,0,0,215,100,0,0,0,0,165,0,10,0
2,14,2821,0,0,0,0,10,0,0,465,0,0,0,0,100
Gen-1
1,12,5,215,100,165,10,0,65,0,0,672,1060,450
2,18,2821,0,10,465,100,0,0,3718,0,100,672,0,545,2275,0,641,55,100
Gen-2
1,10,165,215,672,105,450,580,636,670,1440,0
2,20,2821,3718,672,2275,641,3448,672,672,0,580,485,672,545,2080,672,145,130,672,165,1165
Gen-3
1,6,636,670,1165,1195,770,672
2,24,2821,672,3718,2275,580,3448,2080,0,2690,1145,672,0,1770,545,1115,672,415,641,1445,255,860,2341,2275,770
Gen-4
1,9,672,670,1440,775,770,672,1195,580,1195
2,21,2821,3718,3448,2690,2341,2272,672,240,580,10,672,1930,225,665,290,650,864,1315,575,580,0
Gen-5
1,11,0,1195,770,1195,1195,1050,1440,295,616,195,1440
2,19,2821,672,672,0,3718,3448,2690,2341,0,672,250,545,672,545,2080,12200,672,0,545
Gen-6
1,10,1195,672,1195,130,641,1440,1195,1195,0,1440
2,20,2821,1225,575,10,2272,0,2272,515,580,130,672,4972,12400,0,672,2272,3718,3448,2690,12200
Gen-7
1,9,1195,1195,2272,665,864,864,1440,1195,1440
2,19,3718,4972,12400,0,1410,672,580,225,641,672,672,672,2272,672,2080,195,672,3448,12200
3,2,545,2880
Gen-8
1,8,1195,1195,672,1440,672,672,672,1440
2,14,3718,4972,1410,672,10,2468,864,3448,1445,2272,1445,2080,2080,12200
3,8,545,12400,2880,2005,1070,545,640,1475
Gen-9
1,6,1195,1195,1440,2080,864,1440
2,12,3718,4972,3448,1070,2272,130,550,0,10,2272,1798,12200
3,11,12400,2880,2005,1070,2468,1475,4864,2080,1570,12000,580
Gen-10
1,5,1195,1195,1440,1808,1440
2,11,3718,4972,3448,2272,10,2272,672,545,672,864,12200
3,13,12400,2880,2468,4864,12000,100,2464,10,4950,545,10,3779,3625
Gen-11
1,6,1195,1195,1440,3635,2272,1440
2,10,3718,4972,3448,2272,672,195,672,12600,165,12200
3,14,12400,4864,12000,4950,3779,672,3356,4826,2272,805,3331,0,2620,672
Gen-12
1,5,1195,1440,672,2272,1440
2,11,3718,4972,3448,12600,672,250,672,12200,805,6195,12200
3,13,12400,4864,12000,4950,4826,2178,672,10,3989,12600,3784,3290,2743
Gen-13
1,5,1195,1440,1440,6205,1440
2,12,12200,4972,12600,12200,6195,2080,0,2272,12200,864,1150,672
3,14,12400,2464,2272,585,195,3779,830,4864,12000,4950,12600,864,2272,625
Gen-14
1,6,1195,672,1440,1440,830,1440
2,13,12200,580,672,525,3636,1950,672,4972,2272,12600,12200,6195,12400
3,12,12400,2272,12600,15,672,4975,825,3799,4864,12000,4950,12600
Gen-15
1,5,1195,2272,1440,2272,1440
2,12,12200,0,3411,672,2080,0,2272,0,12600,12200,6195,12400
3,13,12400,12600,4975,2272,645,3291,2272,12600,2080,3979,5794,12200,12600
Gen-16
1,5,1195,5794,1440,2272,1440
2,11,12200,580,1770,650,1445,580,165,12600,12200,6195,12400
3,14,12400,12600,12600,805,2880,6177,12600,2272,2272,1410,2272,3041,12000,12600
Gen-17
1,5,1195,3041,1440,2272,1440
2,11,12200,672,545,2272,2431,3854,1445,12600,12200,6195,12400
3,14,12400,12600,12600,12600,2080,545,3045,2272,830,3626,2464,2464,672,12600
Gen-18
1,5,1195,672,1440,2272,1440
2,12,12200,3744,672,580,1445,12600,672,0,12600,12200,6195,12400
3,13,12400,12600,12600,12600,4975,4975,2272,1085,2080,2272,1445,1230,12600
Gen-19
1,5,1195,1440,1440,0,1440
2,12,12200,12600,2272,3814,225,672,2272,11800,2272,12600,12200,12400
3,13,12400,12600,12600,12600,672,12600,1440,2080,2272,2272,1410,570,12600
Gen-20
1,5,1195,570,1440,2272,1440
2,12,12200,12600,12600,2235,672,2272,2272,864,3396,2272,12200,12200
3,13,12600,12600,12600,12600,12600,12600,2880,770,0,805,805,0,2080
Gen-21
1,5,1195,1440,1440,2272,1440
2,12,12200,12600,12600,3423,2272,2080,12200,0,672,864,672,12200
3,13,12600,12600,12600,12600,12600,2464,2880,610,0,2272,2464,2422,2272
Gen-22
1,5,1195,1440,1440,2272,1440
2,12,12200,2272,1180,2272,1536,0,3914,12600,12600,12200,12400,1160
3,13,12600,4975,12600,672,0,1365,4970,12400,2272,11800,12600,12600,12600
Gen-23
1,5,1195,1440,1440,11800,1440
2,11,12200,3854,1445,12400,2272,2080,672,12600,12600,12200,12400
3,14,12600,12600,2080,2272,4972,765,2464,2270,672,3360,2272,12600,12600,12600
Gen-24
1,6,1195,1440,1440,672,2272,1440
2,12,12200,12400,3929,1445,2272,3744,545,4844,3814,12600,12600,12200
3,12,12600,12600,2272,672,1120,12600,2272,545,805,4975,12600,12600
Gen-25
1,5,1195,1440,1440,3824,1440
2,13,12200,12400,615,2272,3919,672,1445,1445,0,12600,12600,12600,12400
3,13,12600,12600,12600,2272,1440,12600,0,1813,2272,5794,12400,3362,12600
Gen-26
1,5,1195,1440,1440,12600,1440
2,12,12600,12400,12600,3994,672,2272,1380,2080,580,864,12600,12400
3,14,12600,12600,12600,12600,4896,12400,672,2272,2272,2272,805,3360,2272,12600
Gen-27
1,6,1195,1440,1440,2272,2272,1440
2,11,12600,12400,12600,1150,2272,12600,672,1250,864,672,12400
3,13,12600,12600,12600,12600,12600,2272,672,3859,3336,12600,12600,2272,645
Gen-28
1,5,1440,1440,1440,650,2272
2,12,12600,12400,12600,12600,135,672,2080,580,2272,580,1410,12200
3,14,12600,12600,12600,12600,12600,795,0,2272,805,4975,12600,565,2080,2464
Gen-29
1,5,1440,1440,1440,2272,2464
2,12,12600,12400,12600,12600,580,2272,672,2272,672,2272,3804,12400
3,14,12600,12600,12600,2272,12600,12600,3784,830,2272,4045,2272,641,5792,545
Gen-30
1,5,1440,1440,1440,2272,545
2,13,12600,545,12600,3675,672,672,864,672,12600,12400,12600,12600,12400
3,13,12600,3819,3764,4975,12600,12600,12600,12600,580,805,1440,672,4975
Gen-31
1,5,1440,1440,1440,12600,2272
2,13,12600,12600,12600,672,1803,3685,672,12600,864,805,2272,12600,12600
3,13,12600,12600,565,580,670,2464,2272,2880,672,2880,12600,12600,12600
Gen-32
1,6,1440,1440,1440,1796,2272,2272
2,12,12600,12600,12600,12600,2272,2272,2272,672,805,672,225,12600
3,12,12600,12600,672,0,2455,2691,3784,12600,665,4911,12600,12600
Gen-33
1,5,1440,1440,1796,225,2272
2,13,12600,12600,12600,12600,12400,672,1770,672,672,1195,672,672,12600
3,13,12600,12600,12600,12600,864,800,12600,0,672,12600,770,565,12600
Gen-34
1,5,1440,1440,1796,2272,565
2,12,12600,12600,12600,12600,1445,12600,672,3072,2272,2880,864,3859
3,14,12600,12600,12600,12600,12600,0,2272,3779,3799,2464,4975,2272,1130,0
Gen-35
1,5,1440,1440,1796,0,2272
2,13,12600,12600,12600,12400,12600,672,672,641,740,672,10,260,2080
3,13,12600,12600,12600,12600,12600,672,2464,610,2156,2272,3809,2272,4975
Gen-36
1,5,1440,1440,1796,2272,2080
2,12,12600,12600,12600,12600,12600,10,2272,0,672,672,2272,2272
3,14,12600,12600,12600,12600,12600,2272,325,1410,12600,1475,2272,4972,2080,2272
Gen-37
1,5,1440,1440,1796,2272,2272
2,13,12600,12600,12600,12600,12600,672,12600,545,672,805,1445,2272,2272
3,13,12600,12600,2080,12600,12600,12600,12600,545,672,1056,805,2464,0
Gen-38
1,5,1440,1440,1796,0,2272
2,13,12600,672,12600,12600,1160,3744,1435,12600,4975,12600,0,12600,12600
3,13,12600,2272,4975,12600,12600,12600,12600,805,4975,2464,2464,2464,2464
Gen-39
1,5,1440,1440,1796,2272,0
2,14,12600,12600,12600,12600,12600,864,1536,570,2272,2272,2080,2272,2272,1445
3,12,12600,12600,795,285,2464,672,2080,325,3393,12600,12600,12600
Gen-40
1,5,1440,1440,1796,1445,2272
2,13,12600,12600,12600,12600,12600,12600,1085,2272,864,864,0,865,2272
3,13,12600,12600,12600,12600,2272,805,545,3759,4975,1030,2080,12600,12600
Gen-41
1,5,1440,1440,1796,2272,2080
2,12,12600,12600,12600,12600,12600,4910,450,12600,2080,4972,2272,2272
3,14,12600,12600,12600,12600,12600,12600,4975,3779,2464,12600,605,2272,2431,2880
Gen-42
1,5,1440,1440,1796,2880,2272
2,13,12600,12600,12600,12600,12600,3814,672,260,672,2272,672,672,672
3,13,12600,12600,12600,12600,12600,545,545,0,2272,12600,672,580,3232
Gen-43
1,5,1440,1440,1796,672,2272
2,12,12600,12600,12600,12600,12600,1145,2080,672,672,2272,672,12600
3,14,12600,12600,12600,12600,12600,1170,3784,2272,2272,2464,350,515,580,545
Gen-44
1,5,1440,1440,1796,2272,545
2,13,12600,12600,12600,12600,12600,2272,2272,12600,672,895,672,2272,1445
3,12,12600,12600,12600,12600,12600,5314,12600,1475,805,3077,1410,12600
Gen-45
1,5,1440,1440,1796,1445,2272
2,12,12600,12600,12600,12600,12600,1536,864,672,12600,2880,864,672
3,14,12600,12600,825,12600,12600,12600,4975,2692,580,515,1823,3330,2272,605
Gen-46
1,5,1440,1440,1796,2272,605
2,13,12600,4841,505,1445,12600,12600,2464,2272,12600,12600,2080,672,2880
3,12,12600,12600,12600,12600,12600,672,545,3744,12400,3359,2464,0
Gen-47
2,15,2880,12600,12600,12600,2880,12600,2080,3685,0,2272,1235,12600,672,3685,1445
3,15,12600,2272,2272,2272,2272,5285,610,2272,2272,2272,2080,12600,12600,12600,12600
Gen-48
2,14,12600,2080,12600,12600,12600,2272,2080,12600,0,2272,4819,4864,2880,864
3,16,12600,12600,12600,12600,825,2272,1440,545,2464,580,325,12600,2272,195,2272,225
Gen-49
2,15,12600,12600,12600,12600,12600,672,672,1769,12600,1445,12600,610,672,672,864
3,15,225,12600,12600,12600,12600,4975,2464,1965,2464,610,15,1195,25,3355,2464
Gen-50
2,16,12600,12600,12600,12600,12600,2880,2080,672,2272,672,350,12600,2272,12600,2880,1445
3,11,12600,864,12600,12600,4975,3361,160,2272,2272,2272,4975
4,3,830,0,2272
Gen-51
2,15,12600,12600,12600,12600,12600,864,12600,4975,672,2272,2880,864,2431,12000,12600
3,8,12600,12600,4975,1440,3330,2272,2880,805
4,9,830,12600,4975,0,1445,672,1435,3859,2464
Gen-52
2,14,12600,12600,12600,12600,12600,2272,4864,2272,1445,2272,1085,2080,2272,3919
3,9,12600,12600,4975,3330,2880,2272,4972,12600,672
4,7,12400,4975,2272,3859,2464,4975,2147
Gen-53
2,12,12600,3685,1050,2272,770,12600,12600,12600,12600,672,2272,0
3,10,12600,545,12600,2880,2272,2464,12600,4975,4972,12600
4,8,3919,4975,3859,2464,4975,2272,2272,1056
Gen-54
2,11,12600,12600,12600,2272,2272,12600,0,3045,2272,6420,12600
3,11,12600,12600,2272,2272,2080,672,2880,800,12600,4975,12600
4,7,12600,2464,2080,2464,3859,2464,4975
Gen-55
2,12,12600,12600,12600,12600,12600,672,672,672,0,325,864,3914
3,10,12600,12600,12600,805,2464,800,1410,12600,4975,12600
4,8,800,2464,3072,2464,672,4975,3859,4975
Gen-56
2,11,12600,12600,12600,12600,12600,672,2272,2272,12600,0,672
3,13,12600,12600,2464,12600,12600,3934,672,12400,3881,2464,672,795,12600
4,6,3072,677,1536,3914,3859,4975
Gen-57
2,12,12600,12600,12600,12600,12600,2272,0,672,2464,3809,3685,2272
3,12,12600,12600,12600,12600,4975,4975,12600,2464,12600,3641,4901,12600
4,5,3072,1536,4975,3859,795
Gen-58
2,11,12600,12600,12600,12600,12600,672,864,672,1075,2880,2080
3,13,12600,12600,12600,12600,12600,3799,805,2464,12400,2272,600,6221,545
4,5,3072,1536,2272,3859,4975
Gen-59
2,11,12600,12600,12600,12600,12600,672,0,672,4836,12600,0
3,13,12600,12600,12600,12600,12600,2272,2272,1925,0,2272,12600,2272,0
4,6,3072,1536,4975,580,3859,545
Gen-60
2,12,12600,12600,12600,12600,12600,3814,1445,672,672,12600,635,672
3,12,12600,12600,12600,12600,12600,2272,2272,545,0,805,2395,2464
4,5,3072,1536,0,580,3859
Gen-61
2,13,12600,12600,12600,12600,12600,1410,672,672,12400,2272,1115,1445,12600
3,13,12600,12600,12600,12600,12600,3881,12600,2880,5281,3939,4975,1175,4975
4,5,3072,1536,4975,580,672
Gen-62
2,12,12600,864,190,545,12400,1140,12600,12600,12600,12600,2880,2272
3,14,12600,12600,2431,672,640,3361,2464,2464,2272,545,665,12600,12600,12600
4,5,3072,1536,12600,580,3859
Gen-63
2,13,12600,12600,12600,12600,2080,490,12600,12600,4864,12600,770,2272,3361
3,12,12600,12600,665,2272,2272,2080,2464,2464,0,12600,12600,12600
4,6,3072,3651,1536,672,580,3859
Gen-64
2,14,12600,12600,12600,12600,12600,2080,3685,11200,1445,672,2080,2080,4811,864
3,11,12600,12600,12600,3779,666,2464,12600,1959,4975,2272,12600
4,5,3072,3651,1536,4975,3361
Gen-65
2,13,12600,12600,12600,12600,12600,2272,1818,1445,864,864,220,2272,672
3,12,12600,12600,12600,12600,12600,5314,4674,672,675,800,1170,2272
4,6,3072,3651,1536,672,864,3859
Gen-66
2,12,12600,12600,12600,12600,12600,672,864,580,2272,2272,1445,2272
3,13,12600,12600,12600,12600,12600,0,770,3939,580,2464,12600,800,4975
4,5,3072,3651,1536,4975,2272
Gen-67
2,11,12600,12600,12600,12600,12600,865,2464,12600,12600,2880,672
3,13,12600,12600,12600,12600,12600,2464,2272,672,545,615,12600,770,2272
4,5,3072,3651,1536,4985,3859
Gen-68
2,16,12600,12600,12600,12600,12600,3939,1170,2080,864,864,3964,220,864,2272,4972,770
3,14,2272,12600,12600,12600,12600,770,2272,2272,545,672,135,1180,2272,635
Gen-69
2,17,12600,0,672,12600,12600,12600,12600,864,2272,0,0,672,770,1115,3919,2272,672
3,13,12600,770,12600,12600,12600,4896,805,3713,1080,12600,1475,4975,12600
Gen-70
2,14,672,672,2272,0,2272,1445,12600,2272,12600,2080,672,2272,12600,12600
3,16,12600,2272,3641,12400,3733,672,2272,2272,545,12400,2272,12600,2272,12600,12600,12600
Gen-71
2,13,12600,2272,2272,12600,12600,2272,2080,672,2080,2080,780,672,2272
3,17,12600,2272,12600,12600,580,545,1150,2080,2272,2464,0,672,4975,672,545,12600,12600
Gen-72
2,14,550,2272,12600,12600,12600,805,4836,672,3392,620,864,2272,2080,10
3,16,12600,12600,12600,605,2272,805,12600,2272,2272,12600,12600,1165,4975,3779,0,12600
Gen-73
2,10,4836,5,12600,12600,3392,864,605,672,5792,4975
3,17,12600,12600,12600,12600,12600,2464,2272,325,830,2272,580,2464,12400,2880,12600,4950,2272
5,3,2270,672,4160
Gen-74
2,6,4836,12600,5792,4975,864,2880
3,15,12600,12600,12600,12600,12600,805,2272,825,1881,3363,4975,2272,2272,2080,3359
5,10,2270,12600,672,2272,3744,5792,580,0,672,10
Gen-75
2,9,4836,12600,5792,4975,2880,12600,864,2272,864
3,14,12600,12600,12600,12600,12600,545,770,2880,4975,0,2272,580,4290,2272
5,8,2270,3359,4160,3744,5792,2080,672,805
Gen-76
2,10,4836,12600,5792,4975,12600,2272,2880,2272,2272,3392
3,13,12600,2272,4975,2272,12600,12600,12600,12600,2464,2272,805,0,0
5,7,2270,12600,4160,3744,2272,672,1781
Gen-77
2,11,4836,1105,672,672,12600,0,672,12600,5792,4975,12600
3,12,12600,2464,3794,2880,1975,0,2880,0,12600,12600,12600,12600
5,8,2270,835,1095,1440,2272,4160,3744,5792
Gen-78
2,12,12600,12600,672,672,580,672,616,672,5792,4975,4160,12600
3,13,12600,12600,3859,2265,0,3333,2272,3363,12600,2272,2464,12600,12600
5,5,2270,12600,12600,3744,0
Gen-79
2,10,2464,12600,2272,2272,545,672,545,5792,4975,12600
3,12,12600,12600,12600,3779,670,1110,2272,580,0,5281,12600,12600
5,8,2270,12600,12600,2880,2272,1210,3744,5792
Gen-80
2,9,12600,5281,615,2464,3784,1195,5792,4975,12600
3,11,12600,12600,12600,12600,12600,12600,2272,2272,2272,12600,864
5,9,12600,12600,2880,2272,1445,2464,672,3744,5792
Gen-81
2,8,12600,12600,1430,5792,4975,2272,610,12600
3,13,12600,12600,12600,12600,12600,2272,2272,12600,4975,1475,3730,4975,2272
5,8,864,12600,2880,672,672,3744,3744,5792
Gen-82
2,10,12600,12600,5792,4975,1190,672,671,3646,1165,12600
3,12,12600,12600,12600,12600,12600,610,1440,830,0,12200,545,220
5,7,3744,2272,2880,12600,805,3744,5792
Gen-83
2,11,12600,12600,5792,4975,12600,672,672,672,672,2272,12600
3,11,12600,12600,12600,12600,12600,1886,545,4864,4975,800,2272
5,8,3744,2880,220,3744,5792,10,672,12600
Gen-84
2,10,12600,12600,5792,12600,12600,2272,2080,0,672,2080
3,12,12600,12600,12600,12600,12600,2464,0,2272,2272,2464,3940,825
5,7,3744,2880,3744,5792,2272,770,4864
Gen-85
2,12,12600,12600,5792,12600,12600,672,12600,672,2080,615,10,4864
3,12,12600,2272,12600,1170,2272,2880,2272,805,12600,12600,12600,12600
5,6,3744,2880,3744,825,4864,335
Gen-86
2,11,12600,2272,770,12600,672,864,2880,2080,12600,12600,12600
3,13,12600,12600,2464,666,2272,3355,620,805,2080,3783,12600,12600,12600
5,5,3744,2880,3744,5792,810
Gen-87
2,12,12600,12600,12600,3779,672,672,12600,672,672,12600,12600,12600
3,12,12600,12600,610,3794,12400,12600,580,12600,2272,100,12600,12600
5,6,3744,4826,2880,3744,3793,4864
Gen-88
2,11,12600,12600,12600,12600,672,672,12600,12600,2272,672,12600
3,13,12600,12600,12600,12600,12600,672,2464,2272,1823,2464,805,1940,1410
5,5,3744,4826,3744,5792,672
Gen-89
2,13,12600,12600,12600,12600,12600,580,2272,2272,2880,0,2272,580,3784
3,11,12600,12600,12600,12600,12600,0,672,1175,12400,4961,545
5,6,3744,4826,610,3744,1410,4864
Gen-90
2,12,12600,12600,12600,12600,12600,580,12600,672,1445,795,672,864
3,12,12600,12600,12600,12600,12600,672,4975,672,805,2272,12600,864
5,5,3744,4826,3744,5792,3794
Gen-91
2,12,12600,12600,12600,12600,12600,672,3888,672,672,12600,1195,3651
3,12,12600,12600,12600,12600,12600,672,0,795,4975,670,545,2883
5,6,3744,4826,672,3744,864,4864
Gen-92
2,13,12600,12600,12600,12600,12600,864,672,672,2080,2464,864,2272,12600
3,11,12600,12600,12600,12600,12600,800,635,672,495,1180,2405
5,5,3744,4826,3744,5792,2883
Gen-93
2,12,12600,12600,12600,12600,12600,2272,1060,2272,864,4972,640,864
3,12,12600,12600,12600,12600,12600,1105,3764,2464,0,864,3809,1080
5,6,3744,4826,3744,12600,4864,1165
Gen-94
2,14,864,0,672,672,1795,12600,12600,12600,12600,672,672,672,864,12600
3,16,12600,12600,2464,2272,4975,545,3774,2464,525,740,2272,805,570,12600,12600,12600
Gen-95
2,15,12600,570,864,1943,12600,640,864,2272,672,2272,2272,2272,12600,12600,12600
3,15,12600,12600,12600,12600,790,2272,0,2272,4975,12600,3420,0,780,580,805
Gen-96
2,10,810,12600,12600,2272,1536,2272,4160,672,655,12600
3,16,12600,12600,12600,12600,12600,2880,565,3784,2272,645,3979,3779,3759,2464,3365,805
6,4,2272,12600,770,12600
Gen-97
3,18,810,12600,12600,12600,12600,580,2272,12400,3361,800,580,2468,2272,2464,570,3879,740,1170
6,12,2272,12600,770,12600,2235,2272,672,672,640,2272,2272,2880
Gen-98
3,17,12600,12600,12400,12600,12400,2272,2272,2880,3360,3293,864,1175,2272,2272,2272,4975,4836
6,13,2272,2880,12600,2272,2880,672,825,2272,672,2880,672,2272,1765
Gen-99
3,19,12600,12600,12600,12600,12400,1180,4975,12600,2272,1055,2272,12600,2272,12400,672,1440,10,2272,1925
6,11,2272,12600,4846,2880,2880,2272,2080,0,2880,2464,672
Gen-100
3,20,12600,545,12600,2272,2272,12400,3651,2464,1175,2272,12600,12600,12600,4975,3809,2464,2272,580,2272,2272
6,10,12600,1935,2880,2880,2880,0,4975,672,0,655
