Gen-0
1,14,0,0,35,0,101,515,10,0,0,0,0,0,0,0
2,16,326,580,0,236,0,0,0,0,321,0,221,0,0,35,0,10
Gen-1
1,11,0,35,101,15,10,485,545,581,225,35,10
2,19,326,580,236,321,221,340,0,0,195,576,375,611,1498,709,720,35,580,235,645
Gen-2
1,10,225,100,0,720,650,10,720,705,721,720
2,6,1498,611,645,666,701,581
3,14,709,720,316,161,709,65,80,635,700,375,131,783,225,575
Gen-3
1,9,720,720,705,721,720,720,721,720,545
2,9,1498,645,666,701,866,0,721,65,65
3,12,709,611,720,709,700,580,704,721,784,788,898,676
Gen-4
1,10,720,720,721,720,721,720,720,35,545,485
2,10,65,666,701,788,866,721,1460,800,830,100
3,5,784,720,784,80,140
4,3,721,898,840
5,1,645
Gen-5
1,8,720,720,721,720,721,721,450,65
2,7,866,1460,800,830,251,2282,645
3,3,850,784,140
4,5,721,898,840,721,701
5,8,645,720,788,80,615,65,65,0
Gen-6
1,7,720,720,721,721,721,720,720
2,8,866,1460,800,830,2282,545,841,700
3,5,784,784,140,645,675
4,6,721,898,840,721,701,720
5,6,645,720,701,80,615,0
Gen-7
1,5,720,720,721,721,721
2,8,866,1460,830,2282,841,1406,65,1839
3,5,784,784,140,645,675
4,6,721,898,840,721,720,721
5,5,645,710,788,80,615
Gen-8
1,6,720,720,721,721,721,720
2,9,866,6125,1569,1460,2282,1406,1839,8702,896
3,5,784,784,140,645,675
4,5,721,898,840,721,721
5,5,645,720,1849,80,615
Gen-9
1,5,720,720,721,721,721
2,11,2282,6125,1569,721,831,1293,1806,50,530,1839,8702
3,5,1579,784,140,645,675
4,5,721,898,840,721,721
5,5,645,720,788,80,615
Gen-10
1,5,720,720,721,721,721
2,11,2282,6125,1806,245,836,65,0,0,60,1839,8702
3,5,784,784,140,645,675
4,5,721,898,840,721,721
5,5,645,720,530,80,615
Gen-11
1,5,720,720,721,721,721
2,11,2282,6125,1806,725,1159,2298,8311,5193,840,1839,8702
3,5,784,784,140,645,675
4,5,721,898,840,721,721
5,5,645,60,788,80,615
Gen-12
1,5,720,720,721,721,721
2,13,6125,2298,8311,5193,155,721,1293,3082,915,1091,576,25,8702
3,5,784,784,140,645,675
4,5,721,898,840,721,721
5,5,645,720,850,80,615
Gen-13
1,5,720,720,721,721,721
2,12,6125,8311,5193,3082,1401,666,721,721,721,2464,841,8702
3,5,784,784,140,645,675
4,5,721,898,840,721,721
5,5,645,720,25,80,615
Gen-14
1,5,720,720,721,721,721
2,13,6125,8311,5193,3082,726,0,919,1326,1293,691,581,841,8702
3,5,784,784,140,645,675
4,5,721,898,840,721,721
5,5,645,851,788,80,615
Gen-15
1,5,720,720,721,721,721
2,12,6125,8311,5193,3082,530,700,55,1291,1231,555,676,8702
3,5,784,784,140,645,675
4,5,721,898,840,721,721
5,5,645,851,788,80,615
Gen-16
1,5,720,720,721,721,721
2,12,6125,8311,5193,3082,485,245,696,679,739,701,771,8702
3,5,784,784,140,645,675
4,5,721,898,840,721,721
5,5,645,681,788,80,615
Gen-17
1,5,720,720,721,721,721
2,12,6125,8311,5193,3082,80,841,1836,831,1231,831,666,8702
3,5,784,784,140,645,675
4,5,721,898,840,721,721
5,5,645,720,771,80,615
Gen-18
1,5,720,720,721,721,721
2,12,6125,8311,5193,3082,1231,341,1293,836,701,721,220,8702
3,5,784,784,140,645,675
4,5,721,898,840,721,721
5,5,645,720,671,80,615
Gen-19
1,5,720,720,721,721,721
2,12,6125,8311,5193,3082,2564,1421,831,721,610,55,610,8702
3,5,784,784,140,645,675
4,5,721,898,840,721,721
5,5,645,220,788,80,615
Gen-20
1,5,720,720,721,721,721
2,13,6125,8311,5193,3082,721,0,721,821,676,576,5,721,8702
3,5,784,784,140,645,675
4,5,721,898,840,721,721
5,5,645,720,610,80,615
Gen-21
1,5,720,720,721,721,721
2,12,6125,8311,5193,3082,80,676,1900,3778,1810,340,1195,8702
3,5,784,784,140,645,675
4,5,721,898,840,721,721
5,5,645,731,788,80,615
Gen-22
1,5,720,720,721,721,721
2,13,6125,8311,5193,3778,1283,0,721,1541,1819,545,675,726,8702
3,5,784,784,140,645,675
4,5,721,898,840,721,721
5,5,645,720,1205,80,615
Gen-23
2,15,6125,8311,5193,3778,720,773,831,1421,721,4804,576,576,721,836,8702
3,5,736,784,140,645,675
4,5,721,898,840,721,721
5,5,645,720,788,80,615
Gen-24
2,19,6125,8311,5193,721,165,576,4804,65,521,676,1293,1424,1838,30,546,721,816,1291,8702
3,5,784,846,140,645,675
4,5,721,898,840,721,721
Gen-25
2,23,6125,490,726,1221,1903,721,360,1396,581,721,3236,676,1837,5,721,521,841,8311,5193,477,4804,8702,1504
4,7,721,1301,840,721,701,721,721
Gen-26
2,22,6125,8311,5193,721,3033,10975,2487,6095,1293,4020,1291,545,376,841,356,335,720,290,80,841,4804,8702
4,8,721,646,701,150,477,840,721,721
Gen-27
2,24,6125,8311,6095,10975,705,1411,610,571,3089,575,841,836,340,1293,515,7916,1404,1293,721,581,505,955,525,8702
4,6,721,701,645,851,721,721
Gen-28
2,25,6125,8311,10975,7916,521,6184,360,576,1293,1839,835,8320,706,721,0,355,841,245,1421,831,6863,676,950,691,8702
4,5,721,701,525,721,721
Gen-29
2,24,5039,1547,865,1231,8320,841,721,841,696,721,951,1536,641,705,1251,835,2568,1293,3548,1486,581,13586,3297,1660
4,6,701,696,666,721,671,900
Gen-30
2,25,5039,8320,3558,25624,3297,2274,4212,2278,545,640,0,2288,24688,2282,561,840,26224,841,5980,5,6848,1293,610,3058,1509
4,5,721,696,721,671,1660
Gen-31
2,25,8320,896,1649,161,7365,1256,913,25,706,1839,13586,24688,3325,6848,841,721,1396,610,1293,938,1551,3278,1293,841,1534
4,5,721,696,1509,721,671
Gen-32
2,24,8320,7365,7093,580,2754,1256,3253,1399,4286,773,35,1500,1266,1495,1293,836,485,3806,1501,706,7552,25624,24688,6848
4,6,721,165,696,721,671,1849
Gen-33
2,25,8320,7365,7552,611,646,3008,4274,7375,1531,859,3831,961,1293,1455,841,913,1473,85,641,841,5931,917,5,13586,24688
4,5,721,696,721,671,7552
Gen-34
2,22,8320,7552,7375,1498,706,645,610,3414,841,1293,485,576,1539,7329,5,841,841,965,1499,165,25624,6135
4,8,721,696,721,721,646,721,671,10
Gen-35
2,24,8320,7552,7375,7329,2484,0,0,1341,7621,898,721,841,840,35,60,6369,75,6918,1820,1231,913,951,581,13586
4,6,170,696,721,721,721,721
Gen-36
2,25,8320,7552,7375,7621,0,5991,6100,913,5,546,13586,1266,10,1185,551,1504,721,2287,704,157,546,0,0,610,101
4,1,721
6,4,696,581,721,721
Gen-37
2,22,8320,1090,611,1398,7552,7375,7621,25624,6130,0,0,918,3148,706,822,3269,545,1293,913,580,545,6331
4,5,721,720,10,721,721
6,5,696,721,101,721,35
Gen-38
2,21,8320,1291,580,6848,545,1401,0,195,0,1401,841,611,1293,1288,610,10,841,7552,7375,7621,25624
4,5,721,720,10,721,721
6,5,696,1408,721,721,35
Gen-39
2,21,8320,1504,2282,101,8289,5,3104,970,1090,606,7552,586,841,721,841,7375,896,1494,160,7621,25624
4,5,846,720,10,721,721
6,5,696,721,721,721,35
Gen-40
2,21,8320,8289,7552,1293,0,2283,841,1839,816,645,9827,1501,3798,575,6851,766,675,1271,1401,7621,25624
4,5,721,720,10,721,721
6,5,696,160,721,721,35
Gen-41
2,21,8320,8289,9827,101,565,545,1849,670,240,1504,5,1260,773,1246,835,2534,865,586,896,7621,25624
4,5,721,720,10,721,721
6,5,696,721,1411,721,35
Gen-42
2,21,8320,8289,9827,1236,8871,4878,1410,836,1278,7621,0,260,1275,580,1395,1296,2468,105,226,0,25624
4,5,896,720,10,721,721
6,5,696,721,721,721,35
Gen-43
2,21,8320,8289,9827,8871,1475,160,1516,896,1401,1496,841,4853,1341,6400,8050,13586,961,0,5436,3075,7364
4,5,721,720,10,721,721
6,5,696,0,721,721,35
Gen-44
2,21,8320,8289,9827,8871,25624,1435,675,1421,102,1401,1504,1819,955,0,120,131,1401,6135,1519,610,581
4,5,721,720,10,721,721
6,5,696,721,7374,721,35
Gen-45
2,19,8320,0,580,0,8289,9827,8871,13586,1395,6095,545,161,1396,721,831,2513,1836,0,610
4,5,581,720,10,721,721
6,7,696,721,721,721,35,721,670
Gen-46
2,20,8320,1281,0,580,3245,1393,205,610,1133,195,8693,235,2742,896,636,1293,8289,9827,8871,25624
4,5,721,720,10,0,721
6,6,696,1805,721,721,721,721
Gen-47
2,20,8320,8693,3058,2277,65,55,1380,645,645,1341,361,7367,0,1396,7179,831,836,9827,8871,13586
4,5,1303,720,10,721,721
6,5,721,1805,721,721,721
Gen-48
2,20,8320,8693,913,836,1293,1341,1293,951,1816,9827,960,768,0,641,12705,720,580,7552,8871,13586
4,5,846,720,10,721,721
6,6,721,1805,586,721,721,721
Gen-49
2,24,9827,8693,12705,841,65,913,3801,110,60,3048,865,1501,515,610,28696,6871,0,1395,3018,8871,0,773,1484,13586
6,6,721,7552,721,721,721,721
Gen-50
2,23,9827,12705,28696,8871,0,495,831,1803,5598,545,31600,1105,4579,1499,1241,545,6607,1534,960,2515,1246,516,25624
6,7,721,1484,721,721,721,130,898
Gen-51
2,24,9827,12705,28696,31400,6135,576,1241,25624,10432,580,13494,70,948,2130,125,3200,3232,2500,936,0,1153,11232,0,0
6,6,721,521,721,721,898,515
Gen-52
2,22,31400,0,1485,12705,28696,13586,13494,611,231,766,1501,0,7671,0,3104,450,0,130,3269,3013,1331,933
6,5,721,1805,721,721,0
7,3,2525,1479,1251
Gen-53
2,5,31400,165,7641,131,0
6,5,721,1490,721,721,898
7,20,2525,930,130,3206,940,1410,20080,791,970,2616,0,5765,945,1485,12705,28696,13586,13494,1479,1251
Gen-54
2,10,31600,165,7641,131,0,5563,316,100,555,515
6,5,721,5,721,721,898
7,15,12705,20080,1293,1291,5578,1485,50,1235,2304,3018,320,20848,28696,25624,13494
Gen-55
2,9,15230,7641,5563,555,515,1529,645,3076,0
6,5,721,1805,721,721,520
7,16,25624,10437,20848,14366,3716,101,14408,1293,1288,2282,17508,960,1341,17481,28696,13494
Gen-56
2,8,31600,7641,5563,1529,3076,841,1454,1293
6,5,721,17491,721,721,898
7,17,13586,20848,17508,17481,773,1053,7857,545,0,7089,0,7140,28696,1540,11339,3170,576
Gen-57
2,9,31400,7641,5563,1529,3076,100,1266,515,580
6,6,721,581,721,721,790,898
7,15,13586,20848,17508,17481,28696,975,2521,1536,1504,773,13631,75,2485,611,1280
Gen-58
2,10,31400,7641,5563,1529,3076,515,1839,6485,1484,5
6,5,721,721,721,790,1290
7,15,28696,20848,17508,17481,13631,6371,1534,773,545,3505,10237,1481,15171,0,0
Gen-59
2,10,15230,7641,5563,3076,6485,3509,1534,1288,485,96
6,5,721,721,721,790,5
7,15,28696,20848,17508,17481,23920,1381,1293,0,160,4667,773,8105,12855,773,1075
Gen-60
2,9,31600,7641,5563,6485,3509,721,1240,769,25
6,5,721,721,721,1085,898
7,16,28696,20848,17508,17481,23920,5438,545,545,12866,13537,1293,3023,4163,3525,5607,100
Gen-61
2,9,15230,7641,5563,6485,3509,580,1230,841,3043
6,5,721,721,721,105,898
7,16,28696,841,3253,10407,260,1501,570,12902,27560,1246,951,546,20848,17508,17481,23920
Gen-62
2,9,15230,7641,5,515,1288,576,5563,6485,3509
6,5,721,721,721,790,551
7,16,28696,27560,611,6903,681,6903,3079,1541,1061,9091,1241,3023,515,20848,17508,15171
Gen-63
2,9,15230,7641,641,933,0,545,5563,6485,3509
6,5,721,721,721,520,898
7,16,28696,27560,20848,515,75,640,926,1293,1293,2767,546,8071,100,1704,17508,23920
Gen-64
2,9,31400,7641,5563,515,841,516,3081,6485,3509
6,5,721,721,721,790,1714
7,16,28696,27560,20848,17508,100,15195,1401,516,516,1293,3083,835,100,35,35,15171
Gen-65
2,11,31600,7641,5563,1293,750,14443,1293,21616,316,6495,3509
6,5,721,721,721,790,40
7,15,28696,27560,20848,17508,15195,0,515,3048,546,611,6263,1536,1525,913,545
Gen-66
2,12,15230,7641,14443,21616,7460,5664,27760,3712,560,7349,2538,11776
6,5,721,721,721,550,898
7,13,28696,27560,20848,17508,15195,0,35,0,11325,1293,0,1534,1495
Gen-67
2,13,31400,14443,21616,2955,11776,1255,776,6893,2281,841,65,1293,1293
6,5,721,721,721,790,11776
7,13,28696,27560,20848,17508,15195,546,773,545,1060,6351,611,265,35
Gen-68
2,12,15230,14443,21616,11776,6893,0,1869,841,1824,773,131,1293
6,5,721,721,721,790,1303
7,14,28696,27560,20848,17508,15195,1775,0,841,14433,515,3033,2298,515,450
Gen-69
2,10,31400,14443,21616,11776,6893,10497,773,12139,1396,933
6,5,721,721,721,790,455
7,15,28696,1836,101,1455,545,1293,0,27560,20848,17508,15195,546,485,0,9469
Gen-70
2,12,15230,581,0,1281,0,0,1281,1293,14443,21616,11776,25256
6,5,721,721,721,5,898
7,13,28696,771,27560,1469,1460,1293,546,1215,10559,2294,20848,17508,15195
Gen-71
2,12,31600,1256,1271,720,515,8439,1550,1824,14443,21616,11776,25256
6,5,721,721,721,790,1303
7,14,28696,27560,20848,12768,546,485,35,5,1210,546,0,12603,17508,15195
Gen-72
2,14,15230,65,1263,1091,551,0,841,1145,5,14443,130,21616,11776,25256
7,16,12603,27560,20848,801,1235,515,14179,1508,1231,2299,6095,17508,15195,2740,515,1455
Gen-73
2,13,31400,841,28528,14443,0,9355,21616,1496,841,1536,0,11776,130
7,17,20848,27560,14179,17508,15195,6833,3043,6095,546,101,5,3269,611,1524,10566,841,1535
Gen-74
2,15,31400,14443,28728,21616,11776,896,3043,1293,1529,0,545,841,2483,572,11232
7,15,20848,1545,14179,17508,15195,735,546,0,0,816,1546,3920,18912,3530,640
Gen-75
2,16,31400,14443,28528,21616,11776,1256,185,8704,8610,1293,9472,2302,15780,485,1293,10997
7,14,11232,12638,17508,15195,18912,2213,0,260,17473,100,1251,3058,70,836
Gen-76
2,17,15230,580,0,3048,1421,841,2273,515,515,3043,14443,28528,21616,15780,10,948,5
7,13,14179,17508,15195,10997,17473,2245,1293,1230,1293,1293,771,6208,1581
Gen-77
2,16,31400,4163,515,35,841,965,9732,580,0,773,2740,571,3048,14443,21616,15780
7,14,14179,1480,773,5006,0,515,3035,1504,10417,0,17508,15195,18912,17473
Gen-78
2,15,0,9732,641,3048,9280,101,570,7462,23920,9696,836,1400,14443,21616,15780
7,15,12638,55,1355,515,8676,0,17508,15195,366,841,2627,1341,15106,3058,17473
Gen-79
2,16,15780,9732,23920,14443,0,21616,20,1293,2486,5,6863,881,580,640,105,35
7,14,12638,15116,15195,15106,100,773,3137,11938,0,836,275,965,515,17473
Gen-80
2,15,15780,9732,40,14443,21616,515,773,24688,965,2303,250,1505,576,1293,773
7,15,14179,17508,15195,15106,0,841,1175,3288,1355,1520,515,841,915,100,17473
Gen-81
2,16,15780,9732,14443,21616,10573,3104,570,831,0,3053,2592,2592,896,586,1473,3081
7,14,12638,105,15195,15106,896,773,935,7905,6607,771,0,1215,15201,17473
Gen-82
2,15,15780,9732,14443,3091,24688,581,1293,245,1819,1293,3051,6852,2310,1404,171
7,15,12638,100,130,15195,15106,15201,17473,14424,5814,15959,773,1400,25624,0,661
Gen-83
2,13,15780,1293,11417,5440,836,3076,1293,30064,1220,9732,14443,105,6852
7,17,17473,515,896,1250,0,1536,515,100,8113,1271,841,1126,0,15195,15201,15959,2655
Gen-84
2,16,15780,11417,30064,9732,515,1291,2277,7596,2309,2569,3077,700,70,580,8665,14443
7,14,5,8113,1380,1293,841,260,1814,545,896,15189,1293,15195,15201,15959
Gen-85
2,17,15780,11417,30064,9732,704,1293,581,1819,3104,4034,1293,5,14443,1293,841,26224,841
7,13,15201,8113,15189,1536,1534,1090,2540,955,15195,11185,773,3706,8665
Gen-86
2,16,15780,11417,30064,14443,26224,3086,9472,2483,581,801,770,516,841,2757,1515,1293
7,14,851,15189,11185,15195,946,5567,771,545,260,4176,771,0,15176,15959
Gen-87
2,17,15780,11417,30064,14443,26224,165,23720,410,2289,2289,773,836,1293,35,4030,841,1293
7,13,11185,15189,15195,15176,11172,1240,2281,2294,841,630,3808,773,1298
Gen-88
2,16,15780,30064,14443,26224,23720,12855,770,2955,135,1293,580,964,8884,20,2282,1288
7,14,11185,15189,1303,15176,11172,100,580,195,7105,0,6130,2303,1180,0
Gen-89
2,18,15780,2288,4137,1216,610,2274,95,3082,30064,1469,261,1293,2771,160,6120,14443,26224,23720
7,12,11185,2292,15176,11172,7105,1595,771,1396,801,1205,290,1406
Gen-90
2,19,15780,30064,8003,0,6125,3104,720,4787,831,1805,896,9075,3023,1241,1293,0,14443,26224,23720
7,11,11185,1266,3063,545,17475,1165,0,15189,6125,11172,7105
Gen-91
2,18,15780,30064,7666,2284,826,1551,831,1293,5,1446,95,2292,7641,4798,831,14443,26224,23720
7,12,11185,5,15189,7744,671,515,841,1824,1266,773,11172,7105
Gen-92
2,19,15780,30064,14443,721,26224,1293,6325,2299,0,1495,1757,611,0,801,773,7552,545,1293,23720
7,11,11185,836,7744,2535,545,7969,975,15930,1540,11172,7105
Gen-93
2,18,15780,30064,14443,26224,1271,1836,1293,7077,11953,726,1293,0,841,3043,0,3102,20,1293
7,12,11185,7744,7969,1298,515,13631,1504,0,6095,6863,260,11172
Gen-94
2,17,15780,30064,14443,26224,11953,2350,1293,841,1293,10,226,546,1506,3048,740,0,1574
7,13,11185,7744,7969,1303,11172,931,4932,0,6750,545,515,1240,3293
Gen-95
2,18,15780,1824,7168,345,13459,0,30064,1236,14443,26224,11953,896,1293,11346,1396,5,836,3080
7,12,1579,7744,7969,11172,6750,1256,8098,7392,0,0,1293,580
Gen-96
2,19,15780,13459,30064,831,1261,2282,2336,721,841,3060,0,965,841,117,130,2279,841,14443,26224
7,11,7392,545,955,12000,14277,865,1534,7744,7969,0,8098
Gen-97
2,17,15780,13459,30064,6402,831,0,8384,0,841,1256,516,5,546,6135,836,14443,26224
7,13,7969,12000,846,9251,6888,130,1145,1293,0,720,5,7744,8098
Gen-98
2,18,15780,13622,30064,675,1293,705,1293,721,14443,26224,5573,3008,4549,3081,1293,1293,2284,7841
7,12,7969,846,9251,7744,1409,773,100,196,35,841,7631,8098
Gen-99
2,19,15780,13459,30064,14443,26224,96,6893,1505,0,576,1215,9800,26992,3086,35,1293,645,720,2282
7,11,7969,7846,7744,7631,3509,195,581,7353,1494,32168,8098
Gen-100
2,17,15780,30064,14443,26224,26992,80,12732,540,1824,0,1495,1091,676,110,1344,7168,1874
7,13,7969,9251,7744,2282,225,4163,721,841,965,841,1844,1053,8098
