Gen-0
1,26,10,0,0,10,0,0,545,0,0,0,0,0,0,0,0,100,515,645,0,0,0,0,0,645,0,0
2,4,485,0,0,0
Gen-1
1,13,0,545,100,515,0,645,210,225,325,760,0,5,5
2,12,485,0,0,0,0,760,0,0,0,0,0,200
3,5,0,0,0,165,0
Gen-2
1,23,545,0,0,515,645,0,325,760,760,200,765,768,755,580,755,0,768,275,1000,545,545,645,768
2,3,485,35,750
3,4,0,0,200,0
Gen-3
1,13,1000,768,768,580,0,675,0,0,3281,765,5,768,709
2,10,485,765,768,35,750,0,768,0,760,0
3,5,0,0,768,0,0
4,3,355,768,709
Gen-4
1,12,1000,768,768,3281,768,869,768,582,705,772,740,768
2,5,768,750,760,645,864
3,5,0,0,714,0,0
4,9,355,765,768,768,709,100,729,355,768
Gen-5
1,11,1000,768,3281,869,772,760,715,730,10,3366,0
2,4,768,864,768,5
3,5,0,0,768,0,0
4,11,768,765,750,760,768,645,729,768,0,768,740
Gen-6
1,11,1000,3281,869,772,3366,0,1035,165,768,55,760
2,6,768,864,768,5,355,864
3,5,0,0,0,0,0
4,8,768,765,768,768,768,740,755,768
Gen-7
1,11,1000,5,765,55,3281,869,3366,1035,3280,740,768
2,6,768,864,768,355,864,3376
3,5,765,0,165,0,0
4,8,768,768,768,768,768,580,705,355
Gen-8
1,11,1000,768,768,1580,100,764,0,3281,3366,1035,3280
2,8,768,3387,768,768,864,768,864,3376
3,5,55,0,165,0,0
4,7,768,715,768,768,768,768,768
Gen-9
1,11,3281,1580,645,730,768,7300,1060,0,3366,1035,3280
2,9,768,3387,768,610,3396,768,864,864,3376
3,5,0,0,0,0,0
4,5,768,768,768,768,768
Gen-10
1,11,3281,1580,7300,100,3110,990,768,325,750,3366,3280
2,9,864,3387,3396,768,745,768,768,864,3376
3,5,0,0,165,0,0
4,5,768,768,768,768,768
Gen-11
1,12,3281,7300,3110,645,4922,768,768,65,768,768,3366,3280
2,9,864,3387,3396,20,730,768,3381,864,3376
3,5,0,0,760,0,0
4,5,768,768,768,768,768
Gen-12
1,12,3281,7300,4922,0,3425,730,3973,115,768,3116,3366,3280
2,9,864,3387,3396,3381,975,1055,130,768,3376
3,5,0,0,768,0,0
4,5,768,768,768,768,768
Gen-13
1,12,7300,4922,3425,3973,768,0,864,768,0,768,760,3366
2,9,3376,3387,3396,3381,1055,768,768,768,768
3,5,0,0,3121,0,0
4,5,768,768,768,768,768
Gen-14
1,12,7300,4922,3425,3973,30,768,768,768,3451,2592,644,3366
2,9,3376,3387,3396,3381,1055,739,975,3391,3983
3,5,0,0,768,0,0
4,5,768,768,768,768,768
Gen-15
1,11,7300,4922,3425,3973,3451,3365,290,740,2311,700,2527
2,10,3387,3396,3381,3391,3983,985,3356,1005,768,864
3,5,0,0,644,0,0
4,5,768,768,768,768,768
Gen-16
1,11,7300,4922,3425,3973,3451,100,3421,4054,324,0,768
2,10,3387,3396,3381,3391,3983,990,300,768,768,768
3,5,0,0,2532,0,0
4,5,768,768,768,768,768
Gen-17
1,11,7300,4922,3973,3451,4054,3192,768,768,768,960,705
2,10,3387,3396,3381,3391,3983,768,30,2379,768,325
3,5,0,0,768,0,0
4,5,768,768,768,768,768
Gen-18
1,11,7300,4922,3973,3451,4054,768,768,768,768,768,0
2,10,3387,3396,3381,3391,3983,768,1050,768,864,1020
3,5,0,0,710,0,0
4,5,768,768,768,768,768
Gen-19
1,11,7300,768,0,3215,24888,768,4922,3973,3451,4054,0
2,10,3387,3396,3381,3391,3983,768,35,739,765,2027
3,5,0,0,0,0,0
4,5,768,768,768,768,768
Gen-20
1,13,7300,24888,745,768,2517,768,3021,768,3466,3376,4922,3973,4054
2,8,3387,734,865,768,3396,3381,3391,3983
3,5,768,0,165,0,0
4,5,768,768,768,768,768
Gen-21
1,13,7300,24888,3347,768,745,2443,768,5,768,290,4922,3973,4054
2,8,3387,3396,2731,3356,970,3381,3391,3983
3,5,3381,0,165,0,0
4,5,768,768,768,768,768
Gen-22
1,13,7300,24888,485,645,991,768,3351,0,4922,768,768,3973,4054
2,8,3387,3396,874,500,3371,3381,3391,3983
3,5,290,0,165,0,0
4,5,768,768,768,768,768
Gen-23
1,13,7300,24888,4922,768,768,768,1005,610,768,100,985,3973,4054
2,8,3387,3396,3381,645,740,3476,3391,3983
3,5,768,0,165,0,0
4,5,768,768,768,768,768
Gen-24
1,13,7300,24888,4922,3973,768,730,0,0,235,3371,768,768,4054
2,8,3387,3396,3476,3397,894,115,3391,3983
3,5,990,0,165,0,0
4,5,768,768,768,768,768
Gen-25
1,15,7300,24888,4922,3973,20,8445,2638,2608,0,3404,5,768,645,0,4054
2,10,3983,3396,3476,3397,768,704,768,985,768,3391
3,5,768,0,165,0,0
Gen-26
1,16,7300,24888,4922,8445,2578,0,4148,3385,2423,768,224,0,4727,768,354,4054
2,9,3983,3396,3476,3397,3391,768,768,768,1004
3,5,0,0,165,0,0
Gen-27
1,16,7300,24888,4922,8445,4727,1053,0,80,5,0,0,768,3356,768,768,768
2,9,3983,3396,3476,3397,3391,165,768,768,0
3,5,0,0,354,0,0
Gen-28
1,16,7300,24888,4922,8445,4727,645,0,0,0,1777,2328,5,768,3215,735,768
2,9,3983,3396,3476,3397,3391,985,290,0,884
3,5,0,0,768,0,0
Gen-29
1,16,7300,768,3357,768,24888,768,755,290,100,4922,8445,4727,7300,0,3262,1000
2,9,3983,3396,3476,3397,3391,768,985,768,768
3,5,0,0,768,0,0
Gen-30
1,16,7300,24888,1263,768,35,2401,150,768,6721,100,0,768,2433,4922,8445,7300
2,9,3983,224,768,770,2033,3396,3476,3397,3391
3,5,0,0,100,0,0
Gen-31
1,16,7300,24888,6721,11611,0,768,768,224,0,3351,768,0,8917,80,8445,7300
2,9,3983,3396,768,768,1005,768,3476,3397,3391
3,5,0,0,2438,0,0
Gen-32
1,17,7300,24888,11611,8917,768,768,0,5,2342,768,768,0,768,0,768,768,8445
2,8,3983,3396,1045,985,3476,3381,3397,3391
3,5,0,0,80,0,0
Gen-33
1,16,7300,24888,11611,8917,768,50,5,0,100,120,3960,768,4149,768,8445,40
2,9,3983,3396,3476,3397,958,115,3215,768,3391
3,5,0,0,768,0,0
Gen-34
1,16,7300,24888,11611,8917,8445,768,0,0,0,1055,768,768,5,0,0,0
2,9,3983,3396,3476,3397,3376,3391,0,3381,175
3,5,0,0,40,0,0
Gen-35
1,15,7300,24888,11611,8917,8445,984,3211,768,768,768,0,730,768,0,0
2,10,3983,3396,3476,3397,3391,299,768,768,3211,985
3,5,0,0,0,0,0
Gen-36
1,15,7300,24888,11611,8917,8445,768,0,0,768,0,100,768,0,768,11558
2,10,3983,3396,3476,3397,3391,8108,768,975,768,3385
3,5,0,0,165,0,0
Gen-37
1,18,8917,3381,2609,0,24888,768,11611,8445,11558,0,768,0,0,0,0,3196,0,768
2,12,3983,3396,3476,3397,11563,768,768,3455,768,768,10,1783
Gen-38
1,19,8917,24888,768,0,0,760,2346,2428,9793,768,764,768,739,0,0,768,11611,8445,11558
2,11,3983,6462,954,768,10,3211,980,3476,3397,768,3455
Gen-39
1,20,8917,24888,9793,11611,175,0,0,768,8103,755,755,0,225,0,990,2433,920,0,3883,11558
2,10,3983,768,5,768,5,10,289,3476,3397,3455
Gen-40
1,21,8917,24888,9793,11611,3442,0,970,768,768,914,35,0,740,0,768,768,0,768,0,768,11558
2,9,3893,6462,3476,973,289,770,595,3397,3455
Gen-41
1,19,8917,24888,9793,11611,768,709,0,0,10,100,0,768,768,65,100,5,0,0,11558
2,11,3983,768,3476,3397,768,725,13952,3381,768,1005,3455
Gen-42
1,13,8917,24888,9793,11611,0,10,3171,435,755,768,9684,100,3291
2,13,3983,3476,3397,0,768,768,768,768,975,768,4144,130,3455
5,4,0,1798,768,11558
Gen-43
1,11,8917,24888,60,11611,9684,3356,735,768,745,3099,3186
2,9,3983,3476,3397,768,2709,0,10,4123,3455
5,8,0,9793,1798,768,0,105,11558,0
6,2,65,0
Gen-44
1,6,8917,5,24888,768,768,100
2,8,3983,3476,3397,4123,3455,768,0,768
5,14,9793,35,0,719,11611,9684,768,11558,0,3356,704,730,80,0
6,4,60,1798,105,0
Gen-45
1,10,8917,24888,768,768,100,2423,1798,768,768,4987
2,6,3983,1893,3476,3397,4123,3455
5,9,9793,0,254,0,0,11611,9684,11558,3356
6,5,65,768,100,105,0
Gen-46
1,10,8917,24888,2423,1798,4987,768,768,10190,745,768
2,6,3983,0,3476,3397,4123,3455
5,9,9793,0,768,11611,10635,5832,9684,11558,3356
6,5,65,4997,1798,105,0
Gen-47
1,8,8917,24888,2423,4987,10190,5605,768,0
2,5,3983,3476,3397,4123,3455
5,10,9793,11611,10635,0,944,0,768,768,9684,11558
6,7,65,5842,2487,0,1798,105,0
Gen-48
1,10,8917,24888,4987,10190,5605,3115,10655,3211,3815,10949
2,6,3983,874,3476,3397,4123,3455
5,9,9793,10635,11611,0,21984,0,765,9684,11558
6,6,65,768,2487,645,1798,105
Gen-49
1,9,8917,24888,10190,10655,10949,0,768,768,768
2,5,3983,3476,3397,4123,3455
5,9,9793,10635,21984,768,0,768,50,7300,11558
6,8,1798,768,11611,10954,645,130,0,105
Gen-50
1,8,8917,24888,10190,10655,10949,35,7300,290
2,6,3983,3476,3397,265,4123,3455
5,6,9793,10635,21984,7300,760,11558
6,10,1798,768,7305,2487,645,768,645,0,768,0
Gen-51
1,9,8917,24888,10190,10655,10949,768,1773,990,768
2,5,3983,3476,3397,4123,3455
5,7,9793,10635,21984,7300,20,704,11558
6,8,1798,768,295,2487,768,0,768,768
7,1,100
Gen-52
1,9,8917,24888,10190,10655,10949,768,1893,715,100
2,5,3983,3476,3397,4123,3455
5,4,9793,10635,7300,11558
6,6,1798,768,2487,768,768,13920
7,9,768,21984,65,4040,0,0,3517,2614,100
Gen-53
1,7,8917,24888,10190,10655,10949,768,3960
2,5,3983,3476,3397,4123,3455
5,7,9793,10635,7300,35,0,0,11558
6,6,1798,768,2487,768,105,6543
7,7,100,21984,4040,3517,2614,765,6650
Gen-54
1,8,8917,24888,10190,10655,10949,768,100,2327
2,5,3983,3476,3397,4123,3455
5,7,9793,10635,7300,35,8216,10943,11558
6,7,1798,768,2487,768,3517,2614,5
7,4,4040,21984,6650,768
Gen-55
1,8,8917,24888,10190,10655,10949,735,735,768
2,5,3983,3476,3397,4123,3455
5,7,9793,10635,8216,10943,155,6250,11558
6,5,1798,768,2487,2332,2614
7,5,4040,21984,6650,768,713
Gen-56
1,8,8917,24888,10190,10655,10949,740,2704,0
2,5,3983,3476,3397,4123,3455
5,6,9793,10635,8216,10943,11558,0
6,6,1798,768,2487,3517,768,224
7,5,4040,21984,6650,768,713
Gen-57
1,7,8917,24888,10190,10655,10949,768,768
2,5,3983,3476,3397,4123,3455
5,7,9793,10635,8216,10943,11558,0,768
6,7,1798,768,2487,224,2614,735,768
7,5,4040,21984,6650,768,713
Gen-58
1,7,8917,24888,10190,10655,10949,224,768
2,5,3983,3476,3397,4123,3455
5,7,9793,10635,8216,10943,11558,0,5
6,5,1798,768,2487,768,768
7,5,4040,21984,6650,768,713
Gen-59
1,8,8917,24888,735,0,768,10190,10655,10949
2,5,3983,3476,3397,4123,3455
5,8,9793,768,6706,768,10635,8216,10943,11558
6,5,1798,768,768,2614,768
7,6,4040,21984,6650,768,713,768
Gen-60
1,9,8917,24888,705,979,5,768,10190,10655,10949
2,5,3983,3476,3397,4123,3455
5,7,9793,3211,0,10635,8216,10943,11558
6,5,1798,768,2487,768,768
7,6,4040,9148,21984,6650,768,768
Gen-61
1,7,8917,24888,9705,0,10190,10655,10949
2,5,3983,3476,3397,4123,3455
5,7,9793,768,709,10635,8216,10943,11558
6,5,1798,768,768,2614,768
7,6,4040,9148,5895,21984,6650,768
Gen-62
1,13,24888,9705,10190,980,290,0,10635,2487,10655,10949,714,10943,768
2,5,3983,3476,3397,4123,3455
5,5,9793,705,735,8216,11558
6,2,1798,768
7,6,4040,9148,5895,0,21984,6650
Gen-63
1,12,24888,10635,768,0,990,0,768,768,768,10655,10949,10943
5,6,9793,705,735,130,8216,11558
6,5,5,768,1075,768,715
7,8,4040,9148,5895,735,4059,768,21984,6650
Gen-64
1,10,24888,10635,768,0,768,3290,10509,10655,10949,10943
5,7,9793,705,735,0,709,8216,11558
6,5,1798,768,768,768,715
7,8,6650,9148,5895,4059,21984,768,768,768
Gen-65
1,11,24888,10635,10655,10949,1868,734,14348,745,5,768,10943
5,6,9793,735,709,50,8216,11558
6,5,768,768,1075,768,715
7,9,6650,9148,5895,4059,21984,768,3211,0,768
Gen-66
1,15,24888,10655,10949,14348,749,768,749,768,0,289,0,4917,768,10509,10943
6,5,1798,768,768,768,715
7,10,6650,9148,5895,4059,21984,55,768,0,0,0
Gen-67
1,15,24888,10655,10949,14348,2531,768,0,1029,0,9977,768,3096,0,768,10943
6,5,10519,768,1075,768,715
7,10,6650,9148,5895,4059,21984,0,0,768,3091,0
Gen-68
1,19,24888,10655,10949,14348,768,768,768,3441,768,4154,10943,1732,768,10509,768,0,8889,768,3366
7,11,6650,9148,5895,4059,768,0,80,4158,3372,768,768
Gen-69
1,20,24888,768,10655,10949,14348,10943,9087,0,12812,768,768,768,4064,768,4235,768,768,289,768,2658
7,10,6650,3376,5895,4059,4158,10777,4049,65,65,768
Gen-70
1,19,24888,0,768,0,739,864,768,0,100,0,3201,3290,864,768,5,10949,14348,10943,12812
7,11,6650,0,768,0,768,2861,65,5895,4059,4158,768
Gen-71
1,20,24888,765,768,2538,3361,768,0,0,3281,768,4485,768,0,768,0,2739,10949,14348,10943,12812
7,10,10,2861,5895,768,55,725,12063,768,4059,4158
Gen-72
1,19,24888,10953,10949,768,768,725,0,768,925,14348,768,0,2729,768,3085,0,0,10943,12812
7,11,5895,2861,2749,4059,0,755,768,85,768,224,4158
Gen-73
1,21,24888,10953,10949,14348,768,1035,0,0,0,864,3211,3249,0,0,645,610,8204,768,23352,8226,12812
7,9,5,2861,12063,4059,0,768,229,768,4158
Gen-74
1,21,24888,4059,10953,14348,23352,760,995,0,3295,995,0,768,750,7320,944,768,645,768,0,768,12812
7,9,8231,2861,768,0,0,768,768,768,4158
Gen-75
1,22,24888,10953,14348,23352,0,7300,929,0,65,760,768,768,130,0,7449,975,6598,12812,1893,949,7742,768
7,8,768,2861,768,768,4158,4149,545,733
Gen-76
1,23,24888,768,754,14400,0,130,1005,760,768,768,768,645,755,2338,10953,14348,23352,12812,644,768,0,0,7300
7,7,12063,2861,768,5,4149,225,768
Gen-77
1,21,24888,14400,768,645,130,3206,0,0,768,768,0,0,3376,3979,22657,0,5,768,14348,23352,12812
7,9,2343,2861,768,768,1000,768,768,4149,768
Gen-78
1,22,3286,8842,729,949,768,768,1868,768,768,0,768,0,929,939,970,768,7300,0,768,768,768,1858
7,8,12063,8499,768,985,760,768,768,768
Gen-79
1,18,3286,768,1868,7300,21816,765,4180,0,13942,579,864,0,100,100,0,864,768,1858
7,12,12063,8499,768,985,768,2579,2671,0,768,768,0,744
Gen-80
1,17,3286,7300,21816,4180,13942,16335,768,0,2412,768,2327,3286,768,6885,989,768,768
7,13,754,8499,985,2579,2671,768,768,0,2594,0,1010,768,0
Gen-81
1,18,7300,21816,13942,16335,768,768,768,0,760,5,768,768,7563,760,3387,768,768,768
7,10,2579,768,2671,2594,1010,3853,125,768,768,865
8,2,6885,768
Gen-82
1,16,7300,984,3371,3115,225,2664,3396,1813,21816,16335,7563,12493,914,7300,10397,710
8,14,768,7300,13942,768,768,0,0,0,768,0,768,1005,768,3211
Gen-83
1,19,16335,11727,6572,768,768,3201,2347,768,768,768,0,2493,735,768,3432,21816,7563,12493,10397
8,6,6885,7300,768,11811,0,1005
9,5,9725,768,768,1818,3211
Gen-84
1,15,16335,11727,768,100,7300,11413,580,65,12181,740,0,715,21816,12493,10397
8,2,6885,1005
9,13,3442,7300,768,11811,768,768,9730,768,768,3291,11963,13942,3211
Gen-85
1,16,16335,11727,11963,12181,419,3211,21816,768,3200,130,768,768,768,768,768,12493
8,5,725,768,35,0,1005
9,9,9730,7300,11811,100,768,768,768,229,13942
Gen-86
1,15,16335,11963,12181,21816,970,3286,9248,768,449,13103,0,735,768,65,12493
8,5,6885,768,35,0,768
9,11,9730,7300,11811,768,13942,768,0,1024,3437,768,1893
Gen-87
1,14,16335,12181,21816,13103,3211,7300,8961,0,768,1005,755,744,2659,12493
8,6,70,768,35,0,975,1005
9,10,9730,7300,11811,13942,3437,1893,1005,949,768,645
Gen-88
1,15,16335,12181,21816,13103,768,0,1039,768,760,768,760,768,2679,17102,12493
8,5,6885,768,35,975,2669
9,11,9730,7300,11811,13942,3437,768,768,10645,3362,768,768
Gen-89
1,14,16335,1005,768,21816,13103,17102,768,17102,864,1898,9248,12493,768,768
8,5,17107,768,35,975,1005
9,12,9730,7300,11811,13942,10645,3286,768,760,768,864,975,768
Gen-90
1,15,16335,970,225,17102,0,13103,768,970,994,768,768,21816,13103,17102,17102
8,6,768,768,35,975,1005,768
9,10,9730,985,2664,7300,11811,13942,10645,3337,768,768
Gen-91
1,6,16335,17102,768,768,768,21816
8,5,6885,768,975,768,768
9,10,9730,7300,11811,1670,7300,768,768,768,13942,10645
10,9,1034,768,768,768,17102,17102,17102,17102,17102
Gen-92
1,3,16335,768,21816
8,5,17107,768,975,1005,768
9,7,9730,11811,768,768,975,13942,10645
10,16,17102,7300,768,17102,17102,17102,768,765,768,1000,1733,768,4747,1005,17102,17102
Gen-93
1,6,16335,768,2649,15561,768,21816
8,5,1015,768,975,1005,768
9,6,9730,11811,975,768,13942,10645
10,14,17102,17102,17102,17102,17102,768,17102,14030,768,17102,768,768,290,17102
Gen-94
1,6,16335,768,2649,15561,21816,745
8,5,295,768,975,1005,768
9,6,9730,11811,975,0,13942,10645
10,13,17102,17102,17102,17102,17102,7315,0,1005,864,768,3206,17102,768
Gen-95
1,8,16335,768,2649,15561,21816,768,2669,3196
8,5,6885,768,975,768,768
9,7,9730,11811,975,13942,580,768,10645
10,11,17102,17102,17102,17102,17102,929,17102,768,1005,17102,1045
Gen-96
1,7,16335,15561,21816,2669,3196,3406,1005
8,5,3206,768,975,1005,768
9,7,9730,11811,975,13942,768,3286,10645
10,12,17102,17102,17102,17102,17102,645,17102,17102,17102,1005,1005,975
Gen-97
1,7,16335,15561,21816,3196,3406,165,990
8,5,985,768,975,1005,768
9,7,9730,11811,13942,3286,735,768,10645
10,11,17102,17102,17102,17102,17102,645,3196,17102,0,990,768
Gen-98
1,7,16335,15561,21816,3196,3406,864,768
8,5,6885,768,975,768,768
9,7,9730,11811,13942,3286,130,3286,10645
10,11,17102,17102,17102,17102,17102,1005,999,768,13942,17102,768
Gen-99
1,8,16335,15561,21816,3196,3406,768,645,0
9,9,9730,11811,768,3286,10645,0,768,984,768
10,14,17102,17102,17102,17102,17102,768,450,17092,768,13103,768,990,768,864
Gen-100
1,10,16335,15561,21816,3196,3406,864,7563,7563,768,768
9,8,9730,864,3286,10645,984,2327,768,768
10,13,17102,17102,17102,1005,3392,2506,768,1005,17102,17102,17102,17102,17102
