Gen-0
1,17,325,0,485,10,195,635,485,545,0,0,450,10,545,515,485,130,515
2,9,0,0,10,0,0,0,672,0,0
3,3,0,0,0
4,1,0
Gen-1
1,13,515,0,635,545,515,830,450,165,635,290,545,645,10
2,4,0,0,672,10
3,12,0,545,10,515,0,0,0,0,645,485,545,545
4,5,0,0,0,0,0
Gen-2
1,7,645,545,635,645,290,670,610
2,3,0,672,485
3,13,515,635,545,0,10,830,645,545,0,545,4672,65,640
4,4,10,0,0,0
5,4,545,0,450,610
Gen-3
1,7,645,645,670,610,100,636,646
2,5,0,672,485,660,10
3,13,640,635,830,645,635,4672,10,645,55,675,645,610,165
4,4,610,0,0,0
5,4,545,0,450,610
Gen-4
1,7,645,645,670,636,646,10,672
2,3,0,485,10
3,12,830,672,645,4672,610,660,645,675,864,645,672,645
4,5,165,0,0,0,0
5,4,545,0,450,10
6,1,670
Gen-5
1,5,645,645,670,646,672
2,5,0,485,10,645,672
3,7,830,672,675,864,485,640,155
4,5,645,0,0,0,0
5,5,545,0,450,10,550
6,7,670,4672,670,2272,0,670,55
Gen-6
1,5,645,645,670,646,672
2,5,0,485,10,645,672
3,5,830,672,675,864,640
4,5,155,0,0,0,0
5,5,545,0,450,10,550
6,8,670,4672,670,2272,670,864,672,1115
Gen-7
1,5,645,645,670,646,672
2,5,0,485,10,645,672
3,6,830,672,4672,675,864,640
4,5,1115,0,0,0,0
5,5,545,0,450,10,550
6,5,2272,864,672,1115,645
7,2,672,645
Gen-8
1,5,645,645,670,646,672
2,5,0,485,10,645,672
3,4,830,672,864,545
4,5,645,0,0,0,0
5,5,545,0,450,10,550
6,4,2272,864,672,645
7,8,672,4672,675,1115,645,672,485,672
Gen-9
1,5,645,645,670,646,672
2,5,0,485,10,645,672
3,5,830,672,864,545,450
4,5,545,0,0,0,0
5,5,545,0,450,10,550
6,5,2272,864,672,645,864
7,7,672,4672,675,1115,672,645,864
Gen-10
1,5,645,645,670,646,672
2,5,0,485,10,645,672
3,5,830,672,864,545,450
4,5,864,0,0,0,0
5,5,545,0,450,10,550
6,5,2272,864,672,645,864
7,6,672,4672,675,1115,864,645
Gen-11
1,5,645,645,670,646,672
2,5,0,485,10,645,672
3,5,830,672,864,545,450
4,5,645,0,0,0,0
5,5,545,0,450,10,550
6,5,2272,864,672,645,864
7,6,672,4672,675,1115,864,1100
Gen-12
1,5,645,645,670,646,672
2,5,0,485,10,645,672
3,4,830,672,864,450
4,5,1105,0,0,0,0
5,5,545,0,450,10,550
6,4,2272,864,672,864
7,8,4672,675,1115,645,545,864,1100,55
Gen-13
1,5,645,645,670,646,672
2,5,0,485,10,645,672
3,5,830,672,864,450,640
4,5,55,0,0,0,0
5,5,545,0,450,10,550
6,5,2272,864,672,864,864
7,6,4672,675,1115,864,1100,645
Gen-14
1,5,645,645,670,646,672
2,5,0,485,10,645,672
3,5,830,672,864,450,640
4,5,645,0,0,0,0
5,5,545,0,450,10,550
6,5,2272,864,672,864,864
7,6,4672,675,1115,864,1100,560
Gen-15
1,5,645,645,670,646,672
2,5,0,485,10,645,672
3,5,830,672,864,450,640
4,5,560,0,0,0,0
5,5,545,0,450,10,550
6,5,2272,864,672,864,864
7,6,4672,675,1115,864,1100,485
Gen-16
1,5,645,645,670,646,672
2,5,0,485,10,645,672
3,5,830,672,864,450,640
4,5,485,0,0,0,0
5,5,545,0,450,10,550
6,5,2272,864,672,864,864
7,6,4672,675,1115,864,1100,645
Gen-17
1,5,645,645,670,646,672
2,5,0,485,10,645,672
3,5,830,672,864,450,640
4,5,645,0,0,0,0
5,5,545,0,450,10,550
6,5,2272,864,672,864,864
7,6,4672,675,1115,864,1100,665
Gen-18
1,5,645,645,670,646,672
3,6,830,672,864,450,640,610
4,5,665,0,0,0,0
6,7,2272,864,672,864,864,485,2080
7,8,4672,675,1115,864,1100,675,675,6167
Gen-19
1,5,645,645,670,646,672
3,5,830,672,864,640,610
4,5,6172,0,0,0,0
6,7,2272,864,864,864,2080,1175,2272
7,9,4672,55,545,1731,1115,864,1100,6167,864
Gen-20
1,5,645,645,670,646,1736
3,5,830,672,864,640,610
4,5,0,0,0,0,0
6,7,2272,672,2272,864,2080,1175,2272
7,9,4672,1731,545,1917,565,864,1115,1100,6167
Gen-21
1,5,645,645,670,646,672
3,5,830,672,864,640,610
4,5,864,0,0,0,0
6,7,2272,2272,864,2272,2080,1175,2272
7,9,4672,1731,1917,3466,1025,1185,545,1115,6167
Gen-22
1,5,645,645,670,646,672
3,5,830,672,864,640,610
4,5,545,0,0,0,0
6,7,2272,2272,2272,2272,672,2080,2272
7,10,4672,1731,1917,3466,575,672,864,2080,915,6167
Gen-23
1,5,645,645,670,646,672
4,5,915,0,0,0,0
6,9,2272,2272,2272,2272,2272,2272,2080,645,2272
7,12,4672,1917,3466,2080,675,1195,672,1977,864,672,1195,6167
Gen-24
1,5,645,645,670,646,672
4,5,1200,0,0,0,0
6,10,2272,2272,2272,2272,2272,645,672,672,1440,2272
7,11,4672,3466,2080,1977,1440,3392,675,645,864,1440,6167
Gen-25
1,5,645,645,670,646,672
4,5,1440,0,0,0,0
6,10,2272,2272,2272,2272,2272,2080,672,2272,2272,864
7,11,4672,3466,2080,3392,485,864,875,485,672,864,6167
Gen-26
1,5,645,645,670,646,672
4,5,864,0,0,0,0
6,10,2272,2272,2272,2272,2272,864,864,2080,864,1770
7,11,4672,3466,2080,3392,645,665,675,672,1050,672,6167
Gen-27
1,5,645,645,670,646,672
4,5,672,0,0,0,0
6,10,2272,2272,2272,2272,2272,935,1440,2272,672,864
7,11,4672,3466,2080,3392,1440,670,510,672,864,1440,6167
Gen-28
1,5,645,645,670,646,672
4,5,1440,0,0,0,0
6,10,2272,2272,2272,2272,2272,2272,2272,672,864,864
7,11,4672,3466,2080,3392,55,645,675,545,672,545,6167
Gen-29
1,5,645,645,670,646,672
4,5,545,0,0,0,0
6,10,2272,2272,2272,2272,2272,2272,0,1500,2272,864
7,11,4672,3466,2080,3392,645,672,864,10,290,672,6167
Gen-30
1,5,645,645,670,646,672
4,5,672,0,0,0,0
6,10,2272,2272,2272,2272,2272,1195,616,672,1477,864
7,11,4672,3466,2080,3392,2081,672,3676,2272,675,864,6167
Gen-31
1,5,645,645,670,646,672
4,5,864,0,0,0,0
6,8,2272,2272,2272,2272,2272,2272,864,2272
7,12,4672,3466,3392,3676,1060,672,672,485,900,672,5412,6167
Gen-32
1,5,645,645,670,646,672
4,5,5412,0,0,0,0
6,9,2272,2272,2272,2272,2272,3392,0,864,2272
7,12,4672,1135,675,1770,3466,3676,672,5412,6167,672,545,864
Gen-33
1,5,645,645,670,646,1780
4,6,0,0,0,0,0,0
6,9,2272,2272,672,2272,641,2272,2272,2272,3392
7,10,4672,1100,3466,1095,645,864,545,3676,5412,6167
Gen-34
1,5,645,645,670,646,672
4,5,545,0,0,0,0
6,9,2272,2272,2272,2272,2272,2272,3392,2272,3392
7,9,4672,3466,540,864,610,672,1440,3676,6167
8,2,1921,5412
Gen-35
1,5,645,645,670,646,1440
6,8,2272,2272,2272,3392,2272,2080,615,3392
7,10,4672,3466,1440,1115,55,485,545,672,3676,6167
8,6,1921,3799,645,672,665,5412
Gen-36
1,5,645,645,670,646,672
6,7,2272,2272,2272,3392,672,12600,3392
7,9,4672,3466,1440,0,0,720,864,3676,6167
8,7,1921,3799,672,665,1090,835,5412
9,2,645,2272
Gen-37
1,5,645,645,670,646,2272
6,8,2272,2272,3392,12600,672,2272,2272,3392
7,8,4672,3466,1440,545,545,645,3676,6167
8,6,1921,3799,1090,835,677,5412
9,5,645,2272,0,2272,2272
Gen-38
1,5,645,645,670,646,2272
6,8,2272,2272,3392,12600,2272,864,2272,3392
7,6,4672,3466,1440,1536,3676,6167
8,6,1921,3799,1090,835,55,5412
9,5,645,2272,0,2272,2272
Gen-39
1,5,645,645,670,646,2272
6,9,2272,2272,3392,12600,672,2272,672,1755,3392
7,7,4672,3466,1536,672,1536,3676,6167
8,5,1921,3799,1090,835,5412
9,5,645,2272,0,2272,2272
Gen-40
1,5,645,645,670,646,1755
6,8,2272,2272,3392,12600,2272,3426,672,3392
7,9,4672,3466,1536,672,864,672,1180,3676,6167
8,5,1921,3799,1090,835,5412
9,5,645,2272,0,2272,2272
Gen-41
1,5,645,645,670,646,672
6,8,2272,3392,12600,3426,2272,672,0,3392
7,7,4672,3466,1536,645,700,3676,6167
8,5,1921,3799,1090,835,5412
9,5,645,2272,0,2272,2272
Gen-42
1,5,645,645,670,646,0
6,6,2272,3392,12600,3426,2272,3392
7,7,4672,3466,1536,545,530,3676,6167
8,5,1921,3799,1090,835,5412
9,5,645,2272,0,2272,2272
10,2,0,2272
Gen-43
1,5,645,645,2272,646,672
6,4,2272,3392,12600,3392
7,5,4672,3466,1536,3676,6167
8,5,1921,3799,1090,835,5412
9,5,645,2272,0,2272,2272
10,8,0,3426,2272,672,0,0,672,2272
Gen-44
1,5,645,645,2272,646,672
6,2,2272,3392
7,5,4672,3466,1536,3676,6167
8,5,1921,3799,1090,835,5412
9,5,645,2272,0,2272,2272
10,9,3426,3392,12600,2272,672,672,2272,2272,864
Gen-45
1,5,645,645,864,646,672
6,5,2272,2080,640,672,3392
7,5,4672,3466,1536,3676,6167
8,5,1921,3799,1090,835,5412
9,5,645,2272,0,2272,2272
10,7,3426,3392,12600,2272,2272,860,672
Gen-46
1,5,645,645,1536,646,672
6,5,2272,2080,640,672,3392
7,6,4672,3466,1536,672,3676,6167
8,5,1921,3799,1090,835,5412
9,5,645,2272,0,2272,2272
10,7,3426,3392,12600,2272,2272,672,672
Gen-47
1,5,645,645,672,646,672
6,5,2272,2080,640,672,3392
7,6,4672,3466,1536,55,3676,6167
8,5,1921,3799,1090,835,5412
9,5,645,2272,0,2272,2272
10,7,3426,3392,12600,2272,2272,2272,672
Gen-48
1,5,645,645,672,646,672
6,5,2272,2080,640,672,3392
7,6,4672,3466,1536,672,3676,6167
8,5,1921,3799,1090,835,5412
9,5,645,2272,0,2272,2272
10,7,3426,3392,12600,2272,2272,672,672
Gen-49
1,5,645,645,672,646,672
6,5,2272,2080,640,672,3392
7,6,4672,3466,1536,645,3676,6167
8,5,1921,3799,1090,835,5412
9,5,645,2272,0,2272,2272
10,7,3426,3392,12600,2272,2272,672,2272
Gen-50
1,5,645,645,2272,646,672
6,5,2272,2080,640,672,3392
7,8,4672,3466,1536,3676,1058,672,645,6167
9,5,645,2272,0,2272,2272
10,8,3426,3392,12600,2272,2272,12600,672,2272
Gen-51
1,5,645,645,2272,646,672
6,5,2272,2080,640,672,3392
7,7,4672,3466,1536,3676,515,55,6167
9,5,645,2272,0,2272,2272
10,9,3426,3392,12600,2272,12600,1774,145,672,672
Gen-52
1,5,645,645,672,646,672
6,5,2272,2080,640,672,3392
7,7,4672,3466,1536,864,3676,672,6167
9,5,645,2272,0,2272,2272
10,9,3426,3392,12600,2272,2272,12600,2272,4160,855
Gen-53
1,5,645,645,2272,646,672
6,5,2272,2080,640,672,3392
7,8,4672,3466,1536,3676,6167,485,645,3565
10,13,3426,2272,4672,2272,864,672,2272,2080,12600,3392,12600,12600,4160
Gen-54
1,5,645,645,12600,646,672
6,5,2272,2080,640,672,3392
7,8,4672,6164,2880,864,3466,3676,6167,3565
10,13,12600,4672,12600,1506,4975,672,864,672,2080,2272,672,12600,4160
Gen-55
1,6,645,636,645,670,646,672
6,5,2272,2080,640,672,672
7,8,4672,6164,677,905,864,3676,6167,3565
10,11,12600,4672,12600,4975,672,672,672,672,1440,672,12600
Gen-56
1,5,645,645,670,646,672
6,5,2272,2080,640,672,3392
7,8,4672,6164,3839,864,864,3676,6167,3565
10,13,12600,4672,12600,4975,864,864,1803,864,864,2272,3392,2272,12600
Gen-57
1,5,645,645,670,646,2272
6,5,2272,2080,640,672,3392
7,9,4672,6164,3839,330,864,864,1440,3676,6167
10,12,12600,4672,12600,4975,0,672,864,864,2880,12600,1440,12600
Gen-58
1,5,645,645,670,646,1440
6,5,2272,2080,640,672,3392
7,8,4672,6164,3839,670,864,4880,3676,6167
10,13,12600,12600,4975,12600,2272,12600,672,672,672,672,672,2880,12600
Gen-59
1,5,645,645,670,646,2880
7,10,4672,6164,3839,4880,864,145,545,2080,485,6167
10,15,12600,12600,12600,12600,2272,672,0,2272,2272,672,672,2272,12600,12600,12600
Gen-60
1,5,645,645,670,646,12600
7,9,4672,6164,3839,4880,225,672,1440,645,6167
10,16,12600,12600,12600,12600,12600,12600,672,2880,672,2272,12600,1472,672,2880,2272,2272
Gen-61
1,6,645,645,670,646,2272,545
7,8,4672,6164,3839,4880,675,672,864,6167
10,16,12600,12600,12600,12600,12600,672,4972,864,672,672,2272,672,2272,4975,672,0
Gen-62
1,5,645,645,670,646,0
7,9,4672,6164,3839,4880,672,864,672,545,6167
10,16,12600,12600,12600,12600,12600,1410,2272,672,672,2272,672,672,2272,672,2464,2272
Gen-63
1,5,645,645,2272,646,672
7,9,4672,6164,3839,4880,6167,864,864,672,3680
10,16,12600,864,4907,672,12600,2880,2272,4845,12600,2272,672,12600,12600,12600,672,2080
Gen-64
1,5,645,645,672,646,672
7,9,4672,6164,672,1755,3385,1440,3839,4880,6167
10,16,12600,12600,12600,864,672,12600,1440,2272,2272,672,4910,12600,1195,2080,12600,12600
Gen-65
1,7,645,485,1060,645,2080,646,672
7,7,4672,6164,864,672,3839,4880,6167
10,16,12600,12600,12600,12600,12600,2464,672,55,12600,0,672,1195,2080,2272,672,672
Gen-66
1,7,645,1060,10,864,672,646,672
7,8,4672,6164,3839,485,1504,672,4880,6167
10,15,12600,12600,12600,12600,12600,2468,12600,2272,4847,2464,0,0,672,4907,4864
Gen-67
1,4,646,4864,670,672
7,6,4672,6164,3839,4880,1120,6167
10,16,12600,12600,12600,12600,12600,0,672,2080,4910,3731,2272,3824,12600,672,641,666
11,4,864,2272,1440,672
Gen-68
1,3,646,670,672
7,6,4672,3839,4880,1571,2080,6167
10,14,12600,12600,12600,12600,12600,4836,864,672,1781,866,2880,2272,2272,175
11,8,864,6164,1060,671,1440,672,645,864
Gen-69
1,5,646,670,175,672,545
7,7,4672,3839,4880,2080,864,915,6167
10,14,12600,12600,12600,12600,12600,0,616,0,2880,2272,0,2272,2272,864
11,5,864,6164,1060,1440,864
Gen-70
7,8,4672,3839,4880,2080,525,672,2880,6167
10,16,12600,12600,12600,12600,12600,672,2272,672,2272,2080,2080,2272,2272,672,2080,2272
11,6,864,864,1060,1440,864,1195
Gen-71
7,7,4672,3839,4880,2880,515,965,6167
10,16,12600,12600,12600,12600,12600,12600,670,12400,672,672,672,130,1833,2272,2272,864
11,7,864,6164,1060,2272,1195,672,672
Gen-72
7,7,4672,3839,4880,2880,6167,2464,864
10,16,12600,2080,672,12600,672,4910,2272,12600,3428,1195,2080,2272,12600,12600,12600,12600
11,7,864,864,12600,1060,1440,1195,1095
Gen-73
7,1,4672
10,16,12600,12600,12600,12600,12600,672,864,864,2272,672,0,864,2080,2465,2272,4910
11,13,12600,864,1923,864,545,1060,3839,4880,1440,2880,1195,6167,1095
Gen-74
7,6,4672,645,2106,650,672,1060
10,14,12600,12600,12600,12600,12600,12600,12600,2272,615,705,0,0,672,2272
11,10,4920,2880,1135,1739,3839,3392,672,4880,2880,6167
Gen-75
7,5,2272,2106,650,672,1060
10,16,12600,12600,12600,12600,12600,2272,1781,3392,2272,2272,2272,672,2272,864,672,2080
11,9,6164,3839,3392,485,545,2464,672,4880,6167
Gen-76
7,5,2080,2106,650,672,1060
10,16,12600,12600,12600,12600,12600,672,2272,4864,864,2272,864,672,0,2272,12600,672
11,9,6164,3839,3392,4880,540,1910,915,2272,6167
Gen-77
7,5,4672,672,650,672,1060
10,16,12600,12600,12400,12600,12600,672,672,650,2272,3759,3779,1472,4847,864,1440,2272
11,9,6164,3839,3392,4880,485,3685,864,864,6167
Gen-78
7,5,2272,2106,650,672,1060
10,16,12600,12600,12600,12600,12600,672,2272,2272,672,12600,12600,2466,0,2272,2272,12600
11,9,6164,3839,4880,3685,672,864,672,677,6167
Gen-79
7,5,12600,2106,650,672,1060
10,17,12600,12600,12600,12600,12600,675,4864,12600,0,864,2272,2080,666,672,672,3392,672
11,8,6164,3839,4880,3685,864,672,672,6167
Gen-80
7,7,4672,2106,650,672,1060,1916,645
10,15,12600,672,4864,900,12600,2272,672,2272,12600,2080,12600,12600,1195,12600,1195
11,9,6164,3839,4880,3685,672,0,864,672,864
Gen-81
7,6,12600,860,2106,672,1060,1916
10,16,12600,12600,12600,12600,12600,0,0,864,545,4975,0,2272,864,1195,672,0
11,8,6164,1935,1951,4864,3839,4880,3685,864
Gen-82
7,7,0,860,645,645,2106,1060,1916
10,14,12600,12600,12600,12600,12600,672,12600,0,672,672,672,2080,672,672
11,9,6164,4864,3854,730,4322,672,3839,4880,3685
Gen-83
7,6,672,860,645,1060,675,1916
10,15,12600,12600,12600,12600,12600,672,864,672,2464,864,2080,672,12600,672,4847
11,10,6164,4864,3854,4322,672,2080,925,10,675,4880
Gen-84
7,5,2106,860,1060,675,4857
10,16,12600,12600,12600,12600,12600,2272,672,490,2080,2272,864,1475,864,672,2272,1380
11,9,6164,4864,3854,4322,4880,864,690,864,864
Gen-85
7,6,2106,860,1060,675,675,1385
10,15,12600,12600,12600,12600,12600,1770,2464,3397,2272,25,2272,672,672,2272,4972
11,10,6164,4864,3854,4322,4880,864,864,55,672,672
Gen-86
7,5,4982,860,1060,675,1916
10,16,12600,12600,12600,12600,12600,2080,2272,864,1917,2272,864,2272,1950,864,12600,672
11,9,6164,4864,3854,4322,4880,672,672,2880,640
Gen-87
7,5,672,860,1060,675,1916
10,17,12600,12600,12600,12600,12600,672,672,2272,1070,677,672,2272,672,672,672,0,672
11,8,6164,4864,3854,4322,4880,1175,864,672
Gen-88
7,5,2106,860,1060,675,672
10,15,12600,12600,2272,1070,12600,12600,12600,12600,12600,1731,1823,672,2080,2272,672
11,10,6164,4864,3854,4322,4880,645,2464,672,670,864
Gen-89
10,19,12600,12600,12600,12600,12600,3764,12600,645,864,4847,2272,2272,864,2272,3466,864,672,130,864
11,10,1080,1440,864,672,672,864,4864,3854,4322,4880
12,1,0
Gen-90
10,16,12600,12600,12600,3397,864,672,2080,672,672,672,1808,4972,672,2080,0,12600
11,8,3854,1440,4864,190,555,4322,2880,4880
12,8,864,12600,12600,0,0,0,0,12600
Gen-91
10,16,12600,12600,12600,4972,12600,672,3844,1060,2272,1070,672,2080,650,130,2272,672
11,7,3854,4864,4322,2880,864,1065,12600
12,7,0,12600,12600,0,12600,12600,3466
Gen-92
10,12,12600,12600,12600,4972,12600,4836,55,672,0,864,12600,4907
11,8,3854,4864,4322,2880,672,1899,672,864
12,11,12600,12600,12600,12600,3466,2272,2272,2272,10,0,672
Gen-93
10,12,12600,12600,12600,12600,12600,2275,672,672,12600,672,2272,672
11,7,3854,672,4322,2880,1899,2080,1095
12,11,12600,12600,12600,12600,3466,1504,864,672,864,2272,12600
Gen-94
10,13,12600,12600,12600,12600,12600,1065,2272,2272,672,1105,1380,4864,2272
11,6,3854,672,2880,1899,2080,480
12,12,12600,12600,12600,12600,12600,4975,500,12600,2272,2080,1770,672
Gen-95
10,12,12600,12600,12600,12600,12600,1440,672,12600,672,2272,672,672
11,5,2272,4322,2880,1899,2080
12,13,12600,12600,12600,12600,12600,0,12000,2272,0,2272,2272,2272,2272
Gen-96
10,13,12600,672,2272,12600,2080,2272,2272,12600,672,2272,672,12600,12600
11,5,3854,2272,2880,1899,2080
12,12,12600,12600,12600,12600,12600,4836,2080,1195,4846,672,1770,5312
Gen-97
10,12,12600,12600,12600,2080,4975,2882,672,0,2272,1065,12600,12600
11,5,672,4322,2880,1899,2080
12,13,12600,12600,2080,545,2272,1195,672,1185,3392,2272,12600,12600,12600
Gen-98
10,13,12600,12600,12600,2272,4160,864,672,0,12600,2272,195,12600,12600
11,5,3854,2272,2880,1899,2080
12,12,12600,12600,864,2080,4910,2272,864,864,2272,12600,12600,12600
Gen-99
10,12,12600,12600,12600,12600,12600,672,0,672,2272,0,2272,0
11,5,195,4322,2880,1899,2080
12,13,12600,12600,2080,864,5312,4910,12600,2272,4907,2272,4975,12600,12600
Gen-100
10,11,12600,12600,12600,12600,12600,1769,4975,1925,672,2272,672
11,5,3854,0,2880,1899,2080
12,14,12600,12600,12600,12600,5312,540,2272,12600,6389,2272,12600,2272,2272,12600
Gen-101
10,12,12600,12600,12600,12600,12600,4975,672,672,672,2272,672,4846
11,5,2272,4322,2880,1899,2080
12,13,12600,12600,12600,12600,12600,485,2272,0,0,10,2272,12600,605
