Gen-0
1,24,0,0,0,0,0,35,0,0,290,0,0,0,352,65,35,0,0,0,35,0,130,165,0,195
2,6,35,340,165,0,100,0
Gen-1
1,18,0,290,195,130,165,195,325,0,130,260,0,375,290,260,0,0,225,0
2,12,35,340,165,0,100,130,0,0,225,225,0,225
Gen-2
1,17,290,325,260,375,290,355,352,0,100,290,296,320,350,544,65,65,352
2,13,165,230,225,225,225,0,35,345,0,352,195,100,195
Gen-3
1,14,544,375,352,352,352,290,352,30,321,296,200,0,290,416
2,10,225,340,225,345,352,0,352,340,225,544
3,5,355,0,796,791,130
4,1,1635
Gen-4
1,9,544,375,352,352,416,352,195,416,352
2,5,340,345,352,160,165
3,5,355,0,796,791,130
4,11,1635,352,135,165,352,352,1635,165,340,350,3744
Gen-5
1,7,544,375,352,416,416,265,195
2,5,340,345,3744,160,165
3,6,355,0,796,791,130,296
4,12,1635,352,352,1635,3744,352,260,0,0,416,1815,35
Gen-6
1,6,40,375,352,416,416,352
2,7,340,345,352,160,165,340,180
3,5,355,796,791,130,296
4,12,1635,1635,3744,416,1815,225,325,544,195,1699,2727,1634
Gen-7
1,5,352,375,352,416,416
2,6,340,345,180,340,180,544
3,6,355,796,791,130,296,796
4,14,1635,195,352,2568,325,0,416,385,416,3744,1815,1699,2727,260
Gen-8
1,5,352,375,352,416,416
2,5,340,345,352,340,416
3,7,355,352,544,796,791,296,796
4,14,3744,2568,1571,100,2628,352,165,2633,821,1929,2627,1815,1699,2727
Gen-9
1,5,352,375,352,416,416
2,5,340,345,352,340,2637
3,3,355,544,796
4,15,3744,2628,2633,2627,6308,330,416,1904,7874,35,4577,3779,6305,741,2727
5,3,352,791,796
Gen-10
1,5,352,375,352,746,416
2,5,340,345,352,340,544
3,5,355,544,352,791,796
4,14,3779,6308,7874,4577,6305,791,416,2708,352,0,352,416,544,2643
5,5,352,9710,352,791,796
Gen-11
1,5,352,375,352,416,416
2,5,340,345,352,340,2643
3,5,355,544,352,791,796
4,11,3779,6308,7874,4577,6305,7106,1904,165,480,416,1844
5,7,352,9710,352,544,480,791,796
Gen-12
1,5,352,375,352,1844,416
2,6,340,35,345,352,340,544
3,2,355,791
4,10,6308,7874,4577,6305,7106,416,60,480,1959,9710
5,9,796,544,352,9710,544,480,10910,796,791
Gen-13
1,5,352,375,352,416,416
2,5,340,345,352,340,9720
3,5,355,791,416,416,786
4,11,6308,7874,6305,7106,9710,1959,416,1408,1959,1744,1959
5,8,796,9710,10910,1744,321,355,796,791
Gen-14
1,5,352,375,352,1969,416
2,5,340,345,352,340,544
3,5,355,791,416,786,416
4,10,6308,7874,6305,7106,9710,80,1408,1408,416,480
5,7,796,9710,10910,1744,1749,4552,796
Gen-15
1,5,352,375,352,416,416
2,5,340,345,352,340,480
3,5,355,791,416,416,786
4,9,6308,7874,6305,7106,9710,2677,1408,845,1959
5,8,9710,10910,1744,1749,4552,544,0,416
Gen-16
1,5,352,375,352,416,416
2,5,340,345,352,340,416
3,5,355,791,416,786,416
4,10,6308,7874,6305,7106,9710,1959,1959,11055,1408,1959
5,8,9710,10910,1744,1749,4552,821,3779,9710
Gen-17
1,5,352,375,352,416,416
2,6,340,345,352,1959,340,1969
3,5,355,791,416,786,416
4,8,6308,7874,7106,9710,11055,260,385,1959
5,9,9710,10910,4552,3779,9710,3764,480,416,240
Gen-18
1,5,352,375,352,1969,416
2,6,340,345,352,1959,480,544
3,5,355,791,416,786,416
4,8,6308,7874,7106,9710,11055,1959,416,352
5,9,9710,10910,4552,3779,9710,2706,821,845,11678
Gen-19
1,5,352,375,352,416,416
2,6,352,7106,345,1959,480,544
3,5,355,352,416,416,786
4,8,6308,7874,9710,11055,1909,352,1959,1959
5,9,9710,10910,4552,9710,11678,544,0,355,544
Gen-20
1,5,352,375,352,544,416
2,5,352,7106,1959,480,544
3,5,355,791,416,786,416
4,8,6308,7874,9710,11055,1959,60,821,821
5,9,9710,10910,4552,9710,11678,821,10910,480,544
Gen-21
1,5,352,375,352,544,416
2,5,352,7106,1959,480,544
3,5,355,791,416,786,416
4,8,6308,7874,9710,11055,1959,1959,1909,1959
5,9,9710,296,11678,10910,9710,11678,10910,3779,416
Gen-22
1,5,352,375,352,11688,416
2,5,352,7106,1959,480,544
3,5,355,791,416,786,416
4,8,6308,416,352,1959,7874,9710,11055,1959
5,10,9710,11678,820,544,3784,480,544,10910,11678,10910
Gen-23
1,5,352,375,352,416,416
2,5,352,7106,1959,480,544
3,5,355,544,416,416,786
4,8,6308,1959,416,1959,1744,7874,9710,11055
5,9,9710,11678,352,3495,255,1665,10910,11678,10910
Gen-24
1,5,352,375,352,1675,416
2,5,352,7106,1959,480,544
3,5,355,791,416,786,416
4,8,6308,1959,1955,105,1959,7874,9710,11055
5,10,9710,11678,544,416,260,820,544,10910,11678,10910
Gen-25
1,5,352,375,352,416,416
2,5,352,7106,1959,480,544
3,5,355,544,416,416,786
4,8,6308,1959,7874,836,80,1959,9710,11055
5,9,9710,11678,1749,3479,416,3779,10910,11678,10910
Gen-26
1,5,352,375,352,3789,416
2,7,352,352,811,7106,1959,480,544
3,5,355,791,416,786,416
4,6,6308,1959,7874,416,9710,11055
5,10,9710,11678,845,10478,1227,3606,416,10910,11678,10910
Gen-27
1,5,352,375,352,416,416
2,1,544
3,5,355,416,416,416,786
4,11,6308,1959,7874,811,796,1959,7106,9710,11055,1959,480
5,10,11678,11678,10478,544,416,5037,1959,5325,10910,10910
Gen-28
1,5,352,375,352,5335,416
2,5,544,480,352,480,416
4,11,6308,7874,7106,416,801,416,1740,1959,0,9710,11055
5,12,11678,11678,10478,10910,352,10910,1939,9710,2707,416,296,10910
Gen-29
1,5,352,375,352,296,416
4,10,6308,7874,7106,9710,1959,3477,1959,1849,544,11055
5,14,11678,11678,10910,10910,416,2713,352,355,4549,416,326,480,1478,10910
Gen-30
1,5,352,375,352,416,1488
4,12,6308,7874,7106,9710,1960,1730,11055,821,1955,1740,345,1730
5,14,11678,11678,10910,10910,416,352,10910,1744,0,544,352,352,1939,10910
Gen-31
1,5,352,375,352,416,1740
4,12,6308,7874,7106,9710,11055,1408,7874,352,929,1959,1744,1959
5,14,11678,11678,10910,10910,10910,352,4547,285,839,480,416,1959,1959,0
Gen-32
1,5,352,375,352,416,0
4,13,9710,7874,7106,11055,7874,416,80,781,1237,60,416,352,821
5,13,11678,11678,10910,10910,10910,352,416,480,1939,1959,480,821,1959
Gen-33
1,5,352,375,352,831,416
4,11,9710,2706,1959,7874,1959,7874,7106,11055,7874,416,1959
5,14,11678,11678,2713,480,416,1959,1749,355,0,1744,480,10910,10910,10910
Gen-34
1,5,352,375,352,480,416
4,13,9710,7874,1959,7076,1744,7874,1959,1959,416,1959,1959,11055,7874
5,13,11678,11678,1749,10908,416,175,352,1749,416,296,10910,10910,10910
Gen-35
1,5,352,375,352,1969,416
4,13,9710,7874,7874,1959,1959,1744,1428,1959,1959,352,416,11055,7874
5,13,11678,11678,325,352,890,544,844,1689,1663,820,10910,10910,10910
Gen-36
1,5,352,375,352,830,416
4,13,9710,7874,7874,1959,821,3495,1959,352,416,416,352,11055,7874
5,13,11678,11678,10910,1935,1939,544,10910,480,296,65,352,340,10910
Gen-37
1,5,352,375,352,340,416
4,13,9710,7874,7874,1959,791,416,1934,9710,80,480,821,11055,7874
5,13,11678,11678,10910,10910,1212,1939,480,352,320,544,10910,544,10910
Gen-38
4,14,9710,7874,7874,9710,1959,821,11676,821,1744,544,1959,1959,416,544
5,16,11678,11678,10910,10910,10910,1237,1680,1749,65,544,416,869,480,3784,375,544
Gen-39
4,15,9710,7874,7874,9710,544,821,416,2716,352,1217,416,8677,2727,544,1959
5,15,11678,11678,10910,10910,10910,2723,416,480,821,355,1959,416,11676,416,1740
Gen-40
4,14,1750,7874,7874,9710,8677,1934,1959,130,1959,1959,480,9710,1959,1959
5,16,11678,840,11678,3495,480,1935,544,1959,2483,1740,821,10910,10910,11676,821,1935
Gen-41
4,15,831,7874,195,7141,1959,1959,2703,1959,1959,1959,7939,1749,7874,8677,9710
5,15,11678,11678,4484,839,9710,544,416,839,416,821,345,544,10910,10910,11676
Gen-42
4,14,8677,7874,7939,7874,2815,1959,195,2533,416,0,130,305,416,544
5,16,11678,11678,0,1735,1959,1740,821,11676,10478,352,544,11676,1740,10910,10910,11676
Gen-43
4,11,1745,7874,7939,7874,2815,416,195,416,1909,480,480
5,18,11678,11678,11676,11676,1959,352,352,3784,3764,845,416,480,1749,326,416,810,480,11676
6,1,1959
Gen-44
4,6,7939,2815,1909,35,2996,544
5,16,11678,11678,11676,11676,385,9710,416,416,1959,2703,95,330,325,416,821,11676
6,9,480,7874,7874,1730,1744,165,0,1428,165
Gen-45
4,7,7939,2815,1909,2996,544,352,2727
5,15,11678,11678,11676,11676,352,416,416,544,544,380,1694,544,820,544,11676
6,8,831,7874,1730,1744,1428,544,7874,1959
Gen-46
5,18,11678,11678,544,11676,11676,355,4474,2468,11676,1959,416,1749,544,352,0,480,225,9710
6,12,1959,544,1730,1744,7874,1744,416,10908,1959,1959,1904,1959
Gen-47
5,19,11678,11678,480,1744,820,355,1237,480,544,480,1744,0,352,2706,544,416,11676,11676,11676
6,11,1959,352,352,7874,9720,1959,1959,3011,544,1959,1744
Gen-48
5,18,11678,11678,10478,2706,1959,544,3781,480,1890,355,355,296,0,1749,1959,11676,11676,11676
6,12,1959,1959,1959,7106,416,1959,1740,416,7874,416,1959,3011
Gen-49
5,19,11678,11678,820,11676,315,480,821,11676,325,544,1749,352,352,1744,352,1694,1939,544,11676
6,11,1959,1959,7106,1959,416,352,420,0,1959,1969,3011
Gen-50
5,20,11678,11678,11676,11676,480,3779,10478,480,480,0,1738,416,480,255,2703,845,844,2706,5320,11676
6,10,1959,1959,544,1959,5,1959,165,352,7874,3011
Gen-51
5,21,11678,11678,11676,11676,416,1744,11676,2701,0,416,1959,2513,0,1959,9710,352,1939,1749,2005,480,11676
6,9,1959,1959,1959,352,352,1959,1959,6098,3011
Gen-52
5,20,11678,11678,11676,11676,11676,2713,544,480,1959,821,1959,544,1734,480,0,480,2706,1660,1959,1959
6,10,1959,1959,1959,480,416,1744,1959,0,165,3011
Gen-53
5,21,11678,11678,821,1959,1725,60,821,0,1939,1740,11676,11676,11676,3779,416,1939,260,2703,1959,370,416
6,9,1959,1964,1959,1959,1959,1959,352,480,352
Gen-54
5,22,11678,11678,1744,2706,352,3761,11678,296,416,352,416,255,1959,296,1959,1959,480,330,480,11676,11676,11676
6,8,1959,165,352,165,1959,1959,1959,1750
Gen-55
5,23,11678,11678,11678,1959,0,416,1939,352,8739,544,355,416,0,416,820,9710,11676,0,544,820,11676,0,836
6,7,480,1959,352,1959,1959,1959,3011
Gen-56
5,22,11678,11678,11678,11676,11676,2707,416,165,9710,3769,544,321,352,11246,230,416,416,544,10478,416,821,544
6,8,1959,1959,1959,1740,1740,1237,1959,846
Gen-57
5,23,11678,11678,11678,11676,11676,9710,355,1744,416,60,0,416,480,352,2727,416,480,3774,1985,3779,3779,11673,9710
6,7,544,1959,1959,1740,1959,1959,5315
Gen-58
5,22,11678,11678,11678,11676,11676,1959,416,340,12444,416,1959,355,0,1749,352,10137,544,10478,480,3784,352,845
6,8,1959,1959,1959,1959,9720,315,1959,2723
Gen-59
5,20,11678,11678,11678,11676,12444,1695,1730,1744,480,260,845,2727,2433,355,480,1688,2483,10478,9710,544
6,5,1959,1959,1959,855,2723
7,5,352,845,416,12444,352
Gen-60
5,17,11678,11678,352,355,140,544,416,1939,1237,3779,480,1959,130,11678,80,11676,12444
6,3,1959,1959,1959
7,10,352,1740,5310,1959,5315,544,845,416,12444,352
Gen-61
5,19,11678,11678,11678,10908,1749,1919,480,1744,352,2483,325,544,544,355,1939,1959,416,11676,12444
7,11,5315,1740,5310,1959,1959,352,1959,1959,1959,352,80
Gen-62
5,20,11678,11678,11678,1237,544,1749,11676,1733,544,1749,301,1959,352,1740,544,355,5237,1740,1959,12444
7,10,416,5310,1959,1959,1959,352,821,1959,12444,352
Gen-63
5,19,11678,11678,11678,11676,65,9710,1939,544,1959,10910,2713,325,2431,4547,416,1688,1227,544,12444
7,11,1959,5310,1959,1959,1969,5320,5310,1237,1959,1959,1959
Gen-64
5,20,11678,11678,11678,11676,1939,0,10478,544,325,480,480,352,416,0,839,355,0,1237,12444,480
7,10,1959,5310,12444,544,5310,4552,5320,1959,100,1749
Gen-65
5,17,11678,11678,11678,11676,480,845,1237,544,2678,1749,416,544,352,0,1749,352,480
7,13,5310,12444,5310,4552,5320,5320,0,12444,315,544,10908,0,1959
Gen-66
5,15,1969,11678,11678,11676,2678,355,1749,375,1744,416,326,9710,352,416,0
7,15,12444,2703,1959,1959,821,3744,1959,10908,5320,5320,12444,10908,416,416,544
Gen-67
5,14,10918,1690,0,5340,355,80,0,0,355,11678,2713,11676,2678,9710
7,16,12444,10908,1959,12446,1744,0,8737,1959,12444,1959,315,195,1237,5320,12444,10908
Gen-68
5,13,11678,5340,1247,1187,1227,3476,265,544,1688,2727,480,11676,9710
7,17,12444,10908,12446,12444,1959,1959,352,7909,305,1959,544,11676,1959,544,0,835,12444
Gen-69
5,12,845,5340,3476,11676,1740,1959,480,836,480,480,9707,9710
7,18,12444,12446,12444,11676,2703,416,352,352,1182,1939,5307,310,1237,1408,1959,544,5345,12444
Gen-70
5,13,5350,5340,3476,9707,1959,9710,325,1939,260,845,9710,1665,9710
7,17,12444,12446,12444,11676,12444,355,1959,544,352,2643,1744,12444,1959,10478,315,821,12444
Gen-71
5,12,11676,9707,831,9710,1939,1959,3779,1959,10142,1665,1959,9710
7,18,12444,12446,12444,12444,12444,352,352,1408,1408,1884,544,10908,544,352,355,1959,1744,1959
Gen-72
5,14,11676,340,9707,9710,10142,0,5,544,9710,0,1959,3779,3749,1940
7,16,12444,1969,12444,12444,12444,352,416,1879,416,416,1959,416,1959,355,1959,416
Gen-73
5,15,11676,1237,352,352,80,3779,2688,352,1740,10908,821,9707,9710,10142,9710
7,15,1950,10908,352,12444,1959,480,1935,4537,1959,1959,12446,12444,12444,12444,1959
Gen-74
5,14,831,10908,10910,10908,1734,1740,416,1744,355,9710,352,9710,10142,9710
7,16,12446,12444,12444,1939,1744,2703,35,12444,10908,544,12444,1959,12444,3495,12444,12444
Gen-75
5,13,9710,10908,3505,10908,1959,821,10910,1408,845,10908,1741,480,10142
7,17,12446,12444,12444,12444,12444,352,821,4577,12444,0,5280,845,845,1959,1959,1959,416
Gen-76
5,14,10908,10908,10910,10908,1740,375,480,9707,2901,1959,2687,0,355,10142
7,16,416,12444,12444,12444,12444,5282,11676,9445,1959,1959,10908,845,821,352,0,1408
Gen-77
5,15,10908,10908,355,10908,1408,1959,0,845,5,1959,352,480,480,355,10142
7,15,11676,12444,12444,12444,12444,0,4512,5280,305,0,766,1959,352,4527,352
Gen-78
5,13,352,10908,10908,1959,10142,1959,480,1959,480,3779,355,1959,1728
7,16,11676,12444,12444,12444,12444,416,352,5320,416,416,821,1939,1959,3479,416,1959
8,1,416
Gen-79
5,10,3779,15588,10908,10908,1959,10142,1890,480,3774,0
7,6,11676,416,1959,290,12444,12444
8,15,416,12444,355,352,1959,352,315,12444,1959,544,12444,821,416,416,416
9,1,9710
Gen-80
7,7,11676,0,1959,1959,12444,416,12444
8,14,12444,416,544,1959,1959,12444,1959,352,352,1959,3747,0,1959,1408
9,9,9710,1959,480,845,1959,480,549,352,325
Gen-81
7,12,11676,1959,1959,12444,12444,12444,355,10908,352,352,290,355
8,11,12444,1959,1959,12444,3747,0,1256,352,1959,0,0
9,7,330,1959,845,1959,549,1959,1959
Gen-82
7,14,11676,12444,12444,12444,10908,10908,1939,12444,0,544,1959,10908,1744,544
8,10,12444,1959,1959,12444,3747,0,416,1959,5310,766
9,6,845,360,1959,1959,1959,480
Gen-83
7,16,11676,12444,12444,12444,12444,10908,1408,10908,1959,352,11676,165,352,352,1939,1959
8,9,12444,1959,12444,3747,5310,0,1959,0,1959
9,5,845,544,1959,1959,480
Gen-84
7,16,11676,12444,12444,12444,12444,1408,355,1959,845,821,544,12444,1959,12444,0,821
8,9,12444,1959,12444,3747,5310,100,1959,352,1899
9,5,845,1959,1969,1959,480
Gen-85
7,15,12444,12444,12444,12444,12444,352,1408,12439,352,355,544,1959,12444,355,2706
8,10,12444,1959,12444,3747,5310,1959,480,5320,352,12444
9,5,845,1959,831,1959,480
Gen-86
7,14,12444,12444,12444,12444,12444,1959,10908,12444,1959,352,1959,0,1959,345
8,12,12444,12444,5310,5320,12444,0,416,352,1959,1959,352,352
9,5,845,2716,1959,1959,480
Gen-87
7,15,12444,416,1959,10908,12444,1959,0,2706,10908,1959,1909,12444,12444,12444,12444
8,11,12444,12444,5310,5320,12444,1959,0,12444,1959,416,821
9,5,845,352,1959,1959,480
Gen-88
7,15,12444,12444,544,355,1959,1959,821,416,416,352,821,12444,12444,12444,12444
8,11,12444,12444,821,416,352,1959,1959,1959,5320,12444,12444
9,5,845,1959,1919,1959,480
Gen-89
7,14,12444,12444,12444,35,1939,35,1744,12444,10908,12444,4532,11676,1744,12444
8,12,12444,12444,0,1939,0,11246,0,1959,1959,5320,12444,12444
9,5,845,12454,1959,1959,480
Gen-90
7,13,12444,12444,12444,12444,12444,9710,195,355,0,2706,1959,11676,0
8,11,12444,12444,11246,1959,1256,0,11826,1959,1408,12444,12444
9,6,845,1969,1959,1959,1959,480
Gen-91
7,14,12444,12444,12444,12444,12444,3495,544,290,12800,355,1694,1959,12444,100
8,12,12444,12444,11826,416,0,0,352,12444,416,1749,12444,12444
9,5,845,5,1959,1959,1959
Gen-92
7,14,12444,12444,12444,12444,12800,11676,5320,1408,12446,416,320,2816,12444,1959
8,12,12444,12444,12444,821,416,12444,1959,1959,315,12444,12444,12444
9,5,845,1959,1759,1959,1959
Gen-93
7,13,12444,12444,12444,12800,12446,290,1959,290,9710,416,165,11246,11246
8,13,12444,12444,12444,12444,12444,544,544,766,544,1959,416,416,1959
9,5,845,1969,1959,1959,1959
Gen-94
7,14,12444,12444,12444,12800,12446,821,821,12444,480,0,5320,485,315,10908
8,12,12444,12444,12444,12444,12444,315,0,5320,1408,160,416,544
9,5,845,11256,1959,1959,1959
Gen-95
7,16,12444,821,12444,352,1959,355,352,290,352,195,1959,416,416,12444,12800,12446
8,14,10918,0,5320,12444,12444,12444,12444,821,416,14560,352,0,1959,0
Gen-96
7,14,12444,12444,1959,821,821,355,544,0,355,416,1959,12444,416,12446
8,16,12444,12444,1408,1408,1959,320,1959,290,290,1749,1749,1959,12444,12444,12444,14560
Gen-97
7,13,12444,12444,1959,12444,1959,10908,5315,11676,821,416,12444,0,12454
8,17,12444,12444,12444,1408,821,0,1959,1959,821,1740,352,0,1959,12444,1939,12444,14560
Gen-98
7,15,12444,12444,12444,12444,829,165,352,11246,416,416,416,1959,1959,1959,12446
8,15,12444,12444,12444,12444,416,1959,821,352,1959,416,352,416,1939,1408,1949
Gen-99
7,16,12444,12444,12444,12444,12446,3491,1959,352,1959,380,1749,5315,1222,2706,2676,352
8,14,1969,12444,12444,12444,1959,480,355,11246,1959,195,352,2623,1904,1959
Gen-100
7,17,12444,12444,12444,12444,12446,821,35,821,420,10908,65,544,380,100,9710,1959,352
8,13,2623,352,12444,12444,11246,12444,352,352,352,0,0,1959,416
